elev.asc
ncols 716
nrows 413
xllcorner 24.4255
yllcorner 37.9569
cellsize 30
NODATA_value -9999
[rows 340 to 373 of 413, columns 385 to 461 of 716]
83.00 87.00 91.00 94.00 98.00 100.00 104.00 107.00 111.00 116.00 118.00 120.00 124.00 127.00 129.00 130.00 130.00 130.00 127.00 121.00 115.00 110.00 104.00 96.00 88.00 81.00 74.00 71.00 70.00 67.00 63.00 59.00 55.00 50.00 45.00 41.00 39.00 39.00 40.00 43.00 45.00 48.00 50.00 52.00 51.00 52.00 66.00 81.00 87.00 86.00 81.00 67.00 51.00 38.00 29.00 22.00 16.00 13.00 10.00 8.00 7.00 5.00 4.00 3.00 3.00 2.00 3.00 3.00 4.00 4.00 5.00 5.00 4.00 4.00 3.00 2.00 1.00
73.00 76.00 79.00 82.00 85.00 88.00 92.00 95.00 100.00 105.00 110.00 114.00 120.00 124.00 127.00 129.00 129.00 128.00 126.00 122.00 117.00 110.00 102.00 94.00 86.00 78.00 71.00 67.00 65.00 62.00 57.00 52.00 47.00 42.00 37.00 34.00 33.00 33.00 36.00 39.00 42.00 45.00 48.00 50.00 48.00 45.00 49.00 56.00 59.00 61.00 60.00 53.00 42.00 33.00 28.00 23.00 17.00 14.00 11.00 9.00 8.00 6.00 5.00 4.00 4.00 4.00 4.00 5.00 6.00 7.00 7.00 7.00 6.00 5.00 3.00 2.00 1.00
67.00 68.00 70.00 72.00 75.00 78.00 82.00 86.00 90.00 96.00 101.00 107.00 112.00 116.00 119.00 120.00 120.00 119.00 116.00 113.00 109.00 103.00 96.00 88.00 81.00 73.00 67.00 63.00 61.00 56.00 50.00 44.00 38.00 33.00 29.00 27.00 26.00 27.00 30.00 34.00 38.00 41.00 43.00 45.00 45.00 41.00 38.00 38.00 38.00 38.00 40.00 40.00 36.00 31.00 29.00 24.00 19.00 16.00 13.00 11.00 10.00 8.00 7.00 6.00 6.00 6.00 7.00 8.00 8.00 9.00 9.00 8.00 7.00 5.00 3.00 2.00 0.00
66.00 65.00 65.00 66.00 68.00 70.00 74.00 78.00 82.00 87.00 92.00 97.00 101.00 104.00 106.00 107.00 106.00 105.00 102.00 100.00 96.00 92.00 86.00 80.00 74.00 67.00 62.00 58.00 54.00 48.00 41.00 35.00 30.00 25.00 21.00 19.00 19.00 21.00 25.00 29.00 33.00 36.00 39.00 41.00 41.00 39.00 36.00 35.00 35.00 35.00 36.00 38.00 36.00 34.00 32.00 27.00 23.00 19.00 16.00 14.00 13.00 11.00 10.00 9.00 9.00 9.00 9.00 10.00 10.00 11.00 10.00 9.00 7.00 5.00 3.00 1.00 0.00
69.00 65.00 63.00 62.00 63.00 65.00 67.00 70.00 74.00 78.00 82.00 85.00 88.00 90.00 91.00 92.00 91.00 90.00 88.00 85.00 81.00 78.00 74.00 69.00 63.00 58.00 54.00 49.00 44.00 38.00 32.00 27.00 22.00 18.00 15.00 13.00 14.00 16.00 19.00 23.00 27.00 31.00 34.00 36.00 38.00 38.00 38.00 38.00 39.00 41.00 42.00 41.00 40.00 38.00 35.00 30.00 25.00 21.00 18.00 16.00 14.00 12.00 11.00 11.00 10.00 10.00 10.00 11.00 11.00 11.00 10.00 9.00 7.00 5.00 3.00 1.00 0.00
75.00 69.00 64.00 61.00 60.00 61.00 62.00 64.00 66.00 68.00 71.00 73.00 75.00 77.00 77.00 77.00 77.00 76.00 74.00 70.00 67.00 64.00 60.00 56.00 52.00 47.00 42.00 37.00 32.00 28.00 24.00 20.00 16.00 13.00 11.00 10.00 10.00 12.00 14.00 18.00 21.00 25.00 28.00 31.00 34.00 36.00 38.00 39.00 41.00 44.00 45.00 43.00 41.00 38.00 34.00 29.00 24.00 20.00 17.00 15.00 13.00 12.00 11.00 10.00 10.00 9.00 9.00 10.00 10.00 10.00 9.00 8.00 6.00 4.00 3.00 1.00 0.00
82.00 74.00 67.00 63.00 60.00 59.00 59.00 59.00 59.00 60.00 61.00 62.00 64.00 65.00 64.00 63.00 62.00 61.00 59.00 56.00 54.00 51.00 48.00 43.00 39.00 35.00 30.00 26.00 23.00 20.00 17.00 14.00 12.00 10.00 8.00 7.00 8.00 9.00 10.00 13.00 16.00 19.00 22.00 25.00 28.00 31.00 33.00 35.00 37.00 39.00 40.00 39.00 36.00 32.00 28.00 24.00 19.00 16.00 13.00 11.00 10.00 9.00 8.00 8.00 7.00 7.00 7.00 7.00 8.00 8.00 8.00 7.00 6.00 5.00 3.00 2.00 1.00
89.00 80.00 72.00 65.00 61.00 58.00 57.00 55.00 53.00 52.00 52.00 52.00 53.00 53.00 52.00 50.00 48.00 46.00 44.00 42.00 40.00 38.00 35.00 31.00 28.00 24.00 20.00 17.00 15.00 13.00 12.00 10.00 9.00 7.00 7.00 6.00 6.00 6.00 8.00 9.00 11.00 14.00 17.00 19.00 21.00 23.00 25.00 27.00 28.00 29.00 29.00 28.00 26.00 24.00 20.00 16.00 13.00 10.00 8.00 7.00 6.00 5.00 5.00 5.00 4.00 4.00 4.00 5.00 6.00 7.00 7.00 7.00 7.00 6.00 5.00 3.00 2.00
94.00 84.00 75.00 68.00 61.00 56.00 53.00 49.00 45.00 44.00 43.00 42.00 42.00 41.00 40.00 38.00 36.00 34.00 32.00 31.00 29.00 27.00 24.00 22.00 20.00 17.00 15.00 13.00 11.00 10.00 9.00 8.00 7.00 6.00 6.00 5.00 5.00 5.00 5.00 6.00 7.00 9.00 11.00 12.00 14.00 15.00 16.00 17.00 18.00 18.00 17.00 16.00 15.00 13.00 11.00 9.00 7.00 5.00 4.00 3.00 2.00 2.00 2.00 2.00 2.00 2.00 2.00 3.00 4.00 5.00 6.00 7.00 7.00 7.00 6.00 4.00 3.00
96.00 86.00 77.00 68.00 60.00 53.00 48.00 42.00 39.00 37.00 35.00 35.00 34.00 33.00 31.00 30.00 28.00 26.00 24.00 22.00 21.00 20.00 18.00 17.00 16.00 14.00 13.00 12.00 10.00 9.00 8.00 8.00 7.00 6.00 5.00 5.00 4.00 3.00 2.00 2.00 4.00 6.00 6.00 7.00 8.00 8.00 9.00 9.00 9.00 9.00 8.00 7.00 6.00 5.00 4.00 3.00 2.00 2.00 1.00 1.00 1.00 1.00 1.00 1.00 1.00 1.00 1.00 2.00 3.00 5.00 6.00 6.00 7.00 7.00 6.00 5.00 3.00
97.00 86.00 77.00 67.00 58.00 51.00 44.00 39.00 35.00 32.00 31.00 30.00 30.00 29.00 27.00 26.00 24.00 22.00 20.00 19.00 18.00 17.00 16.00 16.00 15.00 15.00 14.00 13.00 12.00 11.00 10.00 9.00 8.00 7.00 6.00 5.00 3.00 1.00 0.00 1.00 2.00 3.00 3.00 3.00 3.00 3.00 3.00 4.00 4.00 4.00 3.00 3.00 2.00 1.00 1.00 0.00 0.00 0.00 0.00 0.00 0.00 0.00 0.00 0.00 0.00 0.00 0.00 1.00 2.00 4.00 5.00 6.00 7.00 7.00 6.00 5.00 4.00
96.00 86.00 76.00 66.00 57.00 49.00 42.00 36.00 32.00 30.00 29.00 28.00 28.00 27.00 26.00 25.00 23.00 22.00 20.00 19.00 18.00 18.00 18.00 18.00 18.00 18.00 17.00 17.00 16.00 16.00 14.00 13.00 11.00 10.00 8.00 6.00 4.00 2.00 1.00 1.00 1.00 1.00 1.00 1.00 1.00 1.00 1.00 1.00 1.00 1.00 1.00 1.00 0.00 0.00 0.00 0.00 0.00 0.00 0.00 0.00 0.00 0.00 0.00 0.00 0.00 0.00 0.00 0.00 1.00 2.00 4.00 5.00 6.00 7.00 7.00 6.00 4.00
94.00 84.00 74.00 65.00 55.00 47.00 40.00 34.00 31.00 29.00 28.00 28.00 28.00 27.00 26.00 25.00 24.00 23.00 22.00 21.00 21.00 21.00 21.00 21.00 22.00 22.00 22.00 22.00 22.00 21.00 20.00 18.00 16.00 14.00 11.00 9.00 7.00 4.00 2.00 1.00 0.00 0.00 0.00 0.00 0.00 0.00 0.00 0.00 0.00 0.00 0.00 0.00 0.00 0.00 0.00 0.00 0.00 0.00 0.00 0.00 0.00 0.00 0.00 0.00 0.00 0.00 0.00 0.00 0.00 1.00 2.00 3.00 3.00 4.00 4.00 3.00 2.00
89.00 80.00 71.00 62.00 53.00 45.00 38.00 33.00 30.00 29.00 28.00 27.00 27.00 26.00 25.00 24.00 23.00 22.00 22.00 21.00 22.00 23.00 24.00 25.00 26.00 27.00 28.00 28.00 28.00 27.00 25.00 23.00 21.00 18.00 15.00 12.00 9.00 6.00 4.00 2.00 1.00 0.00 0.00 0.00 0.00 0.00 0.00 0.00 0.00 0.00 0.00 0.00 0.00 0.00 0.00 0.00 0.00 0.00 0.00 0.00 0.00 0.00 0.00 0.00 0.00 0.00 0.00 0.00 0.00 0.00 0.00 1.00 1.00 1.00 1.00 1.00 0.00
82.00 74.00 66.00 58.00 50.00 43.00 37.00 32.00 30.00 29.00 28.00 27.00 26.00 24.00 23.00 22.00 21.00 20.00 20.00 20.00 21.00 23.00 25.00 27.00 30.00 31.00 33.00 33.00 33.00 32.00 31.00 28.00 25.00 22.00 18.00 15.00 11.00 8.00 5.00 3.00 1.00 0.00 0.00 0.00 0.00 0.00 0.00 0.00 0.00 0.00 0.00 0.00 0.00 0.00 0.00 0.00 0.00 0.00 0.00 0.00 0.00 0.00 0.00 0.00 0.00 0.00 0.00 0.00 0.00 0.00 0.00 0.00 0.00 0.00 0.00 0.00 0.00
76.00 69.00 61.00 54.00 48.00 42.00 37.00 34.00 32.00 30.00 29.00 27.00 25.00 23.00 22.00 20.00 19.00 19.00 19.00 19.00 20.00 22.00 25.00 29.00 32.00 34.00 36.00 37.00 37.00 36.00 34.00 31.00 28.00 24.00 20.00 17.00 13.00 9.00 6.00 4.00 2.00 0.00 0.00 0.00 0.00 0.00 0.00 0.00 0.00 0.00 0.00 0.00 0.00 0.00 0.00 0.00 0.00 0.00 0.00 0.00 0.00 0.00 0.00 0.00 0.00 0.00 0.00 0.00 0.00 0.00 0.00 0.00 0.00 0.00 0.00 0.00 0.00
71.00 65.00 58.00 53.00 48.00 44.00 40.00 37.00 36.00 34.00 32.00 29.00 26.00 24.00 22.00 20.00 19.00 19.00 18.00 18.00 19.00 21.00 24.00 27.00 31.00 35.00 36.00 37.00 37.00 36.00 33.00 30.00 28.00 24.00 20.00 16.00 13.00 10.00 7.00 5.00 3.00 1.00 0.00 0.00 0.00 0.00 0.00 0.00 0.00 0.00 0.00 0.00 0.00 0.00 0.00 0.00 0.00 0.00 0.00 0.00 0.00 0.00 0.00 0.00 0.00 0.00 0.00 0.00 0.00 0.00 0.00 0.00 0.00 0.00 0.00 0.00 0.00
67.00 62.00 57.00 52.00 49.00 46.00 44.00 43.00 42.00 40.00 37.00 34.00 30.00 27.00 25.00 23.00 22.00 20.00 19.00 18.00 18.00 19.00 21.00 24.00 27.00 30.00 32.00 33.00 33.00 31.00 28.00 26.00 23.00 20.00 17.00 14.00 11.00 8.00 6.00 4.00 3.00 1.00 0.00 0.00 0.00 0.00 0.00 0.00 0.00 0.00 0.00 0.00 0.00 0.00 0.00 0.00 0.00 0.00 0.00 0.00 0.00 0.00 0.00 0.00 0.00 0.00 0.00 0.00 0.00 0.00 0.00 0.00 0.00 0.00 0.00 0.00 0.00
65.00 60.00 56.00 53.00 51.00 50.00 49.00 49.00 49.00 47.00 45.00 41.00 37.00 34.00 31.00 29.00 27.00 25.00 22.00 19.00 17.00 16.00 17.00 18.00 21.00 23.00 24.00 25.00 24.00 23.00 21.00 19.00 16.00 14.00 12.00 10.00 8.00 6.00 5.00 4.00 2.00 1.00 0.00 0.00 0.00 0.00 0.00 0.00 0.00 0.00 0.00 0.00 0.00 0.00 0.00 0.00 0.00 0.00 0.00 0.00 0.00 0.00 0.00 0.00 0.00 0.00 0.00 0.00 0.00 0.00 0.00 0.00 0.00 0.00 0.00 0.00 0.00
62.00 58.00 54.00 52.00 52.00 52.00 53.00 54.00 55.00 54.00 53.00 50.00 46.00 42.00 39.00 37.00 34.00 31.00 27.00 22.00 18.00 14.00 13.00 12.00 13.00 14.00 15.00 16.00 15.00 14.00 12.00 11.00 9.00 8.00 7.00 6.00 5.00 4.00 3.00 3.00 2.00 0.00 0.00 0.00 0.00 0.00 0.00 0.00 0.00 0.00 0.00 0.00 0.00 0.00 0.00 0.00 0.00 0.00 0.00 0.00 0.00 0.00 0.00 0.00 0.00 0.00 0.00 0.00 0.00 0.00 0.00 0.00 0.00 0.00 0.00 0.00 0.00
57.00 53.00 51.00 50.00 51.00 52.00 54.00 57.00 59.00 60.00 59.00 57.00 54.00 51.00 48.00 45.00 42.00 37.00 31.00 25.00 19.00 14.00 10.00 9.00 8.00 8.00 8.00 8.00 8.00 6.00 5.00 4.00 4.00 3.00 3.00 3.00 2.00 2.00 2.00 1.00 0.00 0.00 0.00 0.00 0.00 0.00 0.00 0.00 0.00 0.00 0.00 0.00 0.00 0.00 0.00 0.00 0.00 0.00 0.00 0.00 0.00 0.00 0.00 0.00 0.00 0.00 0.00 0.00 0.00 0.00 0.00 0.00 0.00 0.00 0.00 0.00 0.00
51.00 48.00 47.00 47.00 48.00 51.00 54.00 58.00 61.00 64.00 64.00 63.00 62.00 59.00 57.00 53.00 49.00 44.00 37.00 30.00 22.00 15.00 11.00 8.00 7.00 6.00 6.00 6.00 5.00 3.00 2.00 1.00 1.00 1.00 1.00 1.00 1.00 1.00 0.00 0.00 0.00 0.00 0.00 0.00 0.00 0.00 0.00 0.00 0.00 0.00 0.00 0.00 0.00 0.00 0.00 0.00 0.00 0.00 0.00 0.00 0.00 0.00 0.00 0.00 0.00 0.00 0.00 0.00 0.00 0.00 0.00 0.00 0.00 0.00 0.00 0.00 0.00
46.00 45.00 45.00 46.00 47.00 50.00 54.00 58.00 63.00 66.00 68.00 68.00 68.00 66.00 64.00 61.00 56.00 51.00 43.00 35.00 27.00 20.00 15.00 11.00 9.00 8.00 7.00 6.00 5.00 3.00 2.00 1.00 0.00 0.00 0.00 0.00 0.00 0.00 0.00 0.00 0.00 0.00 0.00 0.00 0.00 0.00 0.00 0.00 0.00 0.00 0.00 0.00 0.00 0.00 0.00 0.00 0.00 0.00 0.00 0.00 0.00 0.00 0.00 0.00 0.00 0.00 0.00 0.00 0.00 0.00 0.00 0.00 0.00 0.00 0.00 0.00 0.00
46.00 45.00 46.00 47.00 49.00 52.00 56.00 61.00 65.00 69.00 71.00 73.00 73.00 72.00 70.00 67.00 63.00 57.00 50.00 42.00 34.00 26.00 21.00 17.00 14.00 12.00 10.00 8.00 6.00 4.00 2.00 1.00 0.00 0.00 0.00 0.00 0.00 0.00 0.00 0.00 0.00 0.00 0.00 0.00 0.00 0.00 0.00 0.00 0.00 0.00 0.00 0.00 0.00 0.00 0.00 0.00 0.00 0.00 0.00 0.00 0.00 0.00 0.00 0.00 0.00 0.00 0.00 0.00 0.00 0.00 0.00 0.00 0.00 0.00 0.00 0.00 0.00
50.00 50.00 51.00 52.00 54.00 57.00 61.00 65.00 69.00 73.00 76.00 77.00 78.00 77.00 76.00 73.00 69.00 63.00 56.00 48.00 40.00 33.00 28.00 23.00 19.00 16.00 13.00 10.00 7.00 4.00 2.00 1.00 0.00 0.00 0.00 0.00 0.00 0.00 0.00 0.00 0.00 0.00 0.00 0.00 0.00 0.00 0.00 0.00 0.00 0.00 0.00 0.00 0.00 0.00 0.00 0.00 0.00 0.00 0.00 0.00 0.00 0.00 0.00 0.00 0.00 0.00 0.00 0.00 0.00 0.00 0.00 0.00 0.00 0.00 0.00 0.00 0.00
58.00 58.00 59.00 60.00 62.00 65.00 68.00 72.00 75.00 78.00 80.00 82.00 82.00 82.00 80.00 78.00 74.00 68.00 62.00 54.00 47.00 40.00 34.00 29.00 24.00 20.00 16.00 12.00 8.00 5.00 3.00 1.00 0.00 0.00 0.00 0.00 0.00 0.00 0.00 0.00 0.00 0.00 0.00 0.00 0.00 0.00 0.00 0.00 0.00 0.00 0.00 0.00 0.00 0.00 0.00 0.00 0.00 0.00 0.00 0.00 0.00 0.00 0.00 0.00 0.00 0.00 0.00 0.00 0.00 0.00 0.00 0.00 0.00 0.00 0.00 0.00 0.00
69.00 69.00 69.00 70.00 71.00 74.00 77.00 79.00 81.00 83.00 84.00 85.00 85.00 84.00 83.00 81.00 77.00 72.00 66.00 59.00 52.00 46.00 39.00 33.00 28.00 23.00 18.00 14.00 10.00 6.00 3.00 1.00 0.00 0.00 0.00 0.00 0.00 0.00 0.00 0.00 0.00 0.00 0.00 0.00 0.00 0.00 0.00 0.00 0.00 0.00 0.00 0.00 0.00 0.00 0.00 0.00 0.00 0.00 0.00 0.00 0.00 0.00 0.00 0.00 0.00 0.00 0.00 0.00 0.00 0.00 0.00 0.00 0.00 0.00 0.00 0.00 0.00
79.00 78.00 79.00 79.00 80.00 82.00 84.00 86.00 87.00 87.00 87.00 87.00 86.00 85.00 84.00 81.00 78.00 73.00 68.00 61.00 55.00 48.00 42.00 35.00 29.00 24.00 19.00 14.00 10.00 6.00 3.00 2.00 1.00 0.00 0.00 0.00 0.00 0.00 0.00 0.00 0.00 0.00 0.00 0.00 0.00 0.00 0.00 0.00 0.00 0.00 0.00 0.00 0.00 0.00 0.00 0.00 0.00 0.00 0.00 0.00 0.00 0.00 0.00 0.00 0.00 0.00 0.00 0.00 0.00 0.00 0.00 0.00 0.00 0.00 0.00 0.00 0.00
87.00 86.00 86.00 86.00 87.00 89.00 90.00 91.00 91.00 90.00 89.00 87.00 85.00 83.00 81.00 78.00 75.00 70.00 65.00 60.00 54.00 47.00 40.00 33.00 27.00 22.00 17.00 12.00 8.00 6.00 3.00 2.00 1.00 0.00 0.00 0.00 0.00 0.00 0.00 0.00 0.00 0.00 0.00 0.00 0.00 0.00 0.00 0.00 0.00 0.00 0.00 0.00 0.00 0.00 0.00 0.00 0.00 0.00 0.00 0.00 0.00 0.00 0.00 0.00 0.00 0.00 0.00 0.00 0.00 0.00 0.00 0.00 0.00 0.00 0.00 0.00 0.00
94.00 93.00 93.00 92.00 93.00 94.00 95.00 95.00 94.00 92.00 90.00 86.00 83.00 80.00 76.00 73.00 69.00 64.00 60.00 54.00 48.00 42.00 35.00 29.00 23.00 17.00 13.00 9.00 7.00 5.00 3.00 2.00 1.00 0.00 0.00 0.00 0.00 0.00 0.00 0.00 0.00 0.00 0.00 0.00 0.00 0.00 0.00 0.00 0.00 0.00 0.00 0.00 0.00 0.00 0.00 0.00 0.00 0.00 0.00 0.00 0.00 0.00 0.00 0.00 0.00 0.00 0.00 0.00 0.00 0.00 0.00 0.00 0.00 0.00 0.00 0.00 0.00
101.00 100.00 99.00 98.00 99.00 99.00 99.00 99.00 97.00 94.00 90.00 85.00 80.00 75.00 70.00 65.00 60.00 56.00 52.00 47.00 42.00 36.00 29.00 23.00 18.00 13.00 9.00 6.00 5.00 3.00 2.00 1.00 0.00 0.00 0.00 0.00 0.00 0.00 0.00 0.00 0.00 0.00 0.00 0.00 0.00 0.00 0.00 0.00 0.00 0.00 0.00 0.00 0.00 0.00 0.00 0.00 0.00 0.00 0.00 0.00 0.00 0.00 0.00 0.00 0.00 0.00 0.00 0.00 0.00 0.00 0.00 0.00 0.00 0.00 0.00 0.00 0.00
110.00 108.00 106.00 106.00 106.00 106.00 105.00 103.00 100.00 95.00 89.00 83.00 75.00 68.00 61.00 56.00 51.00 47.00 44.00 40.00 36.00 31.00 25.00 20.00 15.00 10.00 7.00 5.00 3.00 2.00 2.00 1.00 0.00 0.00 0.00 0.00 0.00 0.00 0.00 0.00 0.00 0.00 0.00 0.00 0.00 0.00 0.00 0.00 0.00 0.00 0.00 0.00 0.00 0.00 0.00 0.00 0.00 0.00 0.00 0.00 0.00 0.00 0.00 0.00 0.00 0.00 0.00 0.00 0.00 0.00 0.00 0.00 0.00 0.00 0.00 0.00 0.00
122.00 119.00 117.00 116.00 115.00 114.00 111.00 108.00 102.00 96.00 88.00 79.00 70.00 61.00 54.00 48.00 44.00 40.00 38.00 35.00 32.00 29.00 25.00 20.00 15.00 11.00 8.00 5.00 4.00 3.00 2.00 1.00 1.00 1.00 1.00 0.00 0.00 0.00 0.00 0.00 0.00 0.00 0.00 0.00 0.00 0.00 0.00 0.00 0.00 0.00 0.00 0.00 0.00 0.00 0.00 0.00 0.00 0.00 0.00 0.00 0.00 0.00 0.00 0.00 0.00 0.00 0.00 0.00 0.00 0.00 0.00 0.00 0.00 0.00 0.00 0.00 0.00
135.00 132.00 129.00 127.00 125.00 122.00 117.00 111.00 104.00 95.00 85.00 74.00 64.00 55.00 48.00 43.00 40.00 38.00 36.00 35.00 34.00 31.00 28.00 25.00 20.00 16.00 12.00 8.00 6.00 4.00 3.00 2.00 2.00 2.00 2.00 1.00 1.00 0.00 0.00 0.00 0.00 0.00 0.00 0.00 0.00 0.00 0.00 0.00 0.00 0.00 0.00 0.00 0.00 0.00 0.00 0.00 0.00 0.00 0.00 0.00 0.00 0.00 0.00 0.00 0.00 0.00 0.00 0.00 0.00 0.00 0.00 0.00 0.00 0.00 0.00 0.00 0.00
