elev.asc
ncols 716
nrows 413
xllcorner 24.4255
yllcorner 37.9569
cellsize 30
NODATA_value -9999
[rows 136 to 169 of 413, columns 539 to 615 of 716]
276.00 270.00 264.00 260.00 257.00 256.00 257.00 259.00 260.00 258.00 257.00 255.00 252.00 248.00 243.00 238.00 233.00 228.00 224.00 219.00 215.00 211.00 208.00 206.00 205.00 205.00 205.00 205.00 205.00 204.00 202.00 199.00 196.00 192.00 187.00 183.00 179.00 180.00 181.00 183.00 183.00 184.00 186.00 187.00 188.00 188.00 187.00 185.00 181.00 175.00 169.00 163.00 155.00 150.00 146.00 144.00 141.00 138.00 135.00 131.00 127.00 123.00 119.00 115.00 111.00 108.00 104.00 93.00 79.00 64.00 47.00 32.00 20.00 11.00 5.00 2.00 0.00
270.00 264.00 257.00 250.00 245.00 243.00 243.00 244.00 243.00 242.00 240.00 238.00 236.00 233.00 229.00 225.00 221.00 216.00 212.00 207.00 203.00 200.00 197.00 195.00 194.00 194.00 194.00 193.00 193.00 192.00 190.00 187.00 183.00 179.00 175.00 171.00 167.00 164.00 164.00 166.00 167.00 168.00 169.00 172.00 175.00 178.00 180.00 181.00 179.00 174.00 168.00 160.00 151.00 146.00 142.00 139.00 136.00 132.00 128.00 124.00 119.00 114.00 110.00 105.00 101.00 97.00 91.00 81.00 68.00 53.00 38.00 25.00 15.00 8.00 3.00 1.00 0.00
264.00 257.00 249.00 241.00 235.00 232.00 231.00 230.00 228.00 226.00 225.00 224.00 222.00 219.00 216.00 213.00 209.00 204.00 200.00 195.00 191.00 188.00 185.00 183.00 182.00 181.00 181.00 181.00 180.00 179.00 178.00 175.00 172.00 167.00 163.00 159.00 155.00 151.00 149.00 148.00 149.00 151.00 152.00 154.00 157.00 160.00 162.00 164.00 163.00 160.00 154.00 147.00 141.00 136.00 133.00 129.00 126.00 123.00 119.00 114.00 109.00 104.00 99.00 94.00 90.00 84.00 78.00 68.00 55.00 41.00 29.00 18.00 11.00 5.00 2.00 0.00 0.00
255.00 248.00 240.00 232.00 225.00 221.00 220.00 218.00 215.00 213.00 212.00 211.00 209.00 207.00 204.00 201.00 197.00 193.00 188.00 183.00 179.00 175.00 172.00 170.00 168.00 167.00 166.00 166.00 166.00 165.00 164.00 163.00 159.00 155.00 150.00 146.00 142.00 139.00 136.00 134.00 133.00 133.00 133.00 134.00 136.00 138.00 140.00 142.00 142.00 139.00 134.00 130.00 127.00 124.00 120.00 117.00 115.00 111.00 107.00 102.00 97.00 91.00 86.00 81.00 76.00 70.00 64.00 54.00 42.00 30.00 20.00 12.00 7.00 3.00 1.00 0.00 0.00
242.00 236.00 229.00 222.00 215.00 211.00 209.00 206.00 203.00 201.00 200.00 199.00 197.00 195.00 192.00 189.00 185.00 180.00 176.00 171.00 167.00 163.00 160.00 157.00 154.00 152.00 151.00 150.00 150.00 150.00 150.00 149.00 146.00 141.00 136.00 132.00 128.00 125.00 123.00 121.00 120.00 118.00 117.00 116.00 116.00 116.00 117.00 119.00 119.00 118.00 117.00 116.00 113.00 110.00 107.00 105.00 102.00 98.00 94.00 89.00 83.00 77.00 71.00 65.00 59.00 54.00 48.00 40.00 29.00 19.00 13.00 7.00 4.00 1.00 0.00 0.00 0.00
227.00 222.00 216.00 210.00 205.00 201.00 199.00 196.00 193.00 191.00 189.00 188.00 186.00 183.00 180.00 176.00 172.00 168.00 163.00 159.00 156.00 152.00 148.00 145.00 141.00 138.00 137.00 136.00 136.00 136.00 136.00 135.00 132.00 128.00 123.00 118.00 114.00 110.00 108.00 107.00 107.00 106.00 105.00 103.00 102.00 102.00 102.00 102.00 103.00 103.00 103.00 102.00 100.00 97.00 94.00 91.00 88.00 84.00 79.00 73.00 66.00 60.00 53.00 46.00 40.00 36.00 31.00 25.00 17.00 11.00 7.00 4.00 2.00 0.00 0.00 0.00 0.00
212.00 207.00 203.00 198.00 194.00 191.00 190.00 187.00 183.00 180.00 178.00 176.00 173.00 170.00 166.00 162.00 158.00 154.00 151.00 148.00 144.00 141.00 137.00 133.00 129.00 126.00 124.00 124.00 123.00 124.00 124.00 123.00 120.00 116.00 111.00 106.00 101.00 97.00 95.00 94.00 94.00 94.00 94.00 93.00 92.00 92.00 92.00 92.00 92.00 92.00 91.00 89.00 86.00 83.00 79.00 76.00 72.00 67.00 62.00 56.00 49.00 42.00 35.00 29.00 23.00 20.00 17.00 12.00 8.00 5.00 3.00 1.00 0.00 0.00 0.00 0.00 0.00
198.00 194.00 190.00 187.00 183.00 182.00 181.00 178.00 173.00 169.00 166.00 163.00 160.00 156.00 152.00 148.00 145.00 142.00 139.00 136.00 133.00 130.00 126.00 122.00 118.00 115.00 113.00 112.00 112.00 112.00 112.00 111.00 109.00 105.00 100.00 95.00 91.00 87.00 84.00 83.00 83.00 83.00 83.00 83.00 83.00 83.00 83.00 83.00 82.00 81.00 79.00 76.00 72.00 67.00 63.00 59.00 54.00 49.00 44.00 38.00 32.00 25.00 20.00 15.00 11.00 9.00 7.00 4.00 2.00 1.00 1.00 0.00 0.00 0.00 0.00 0.00 0.00
188.00 184.00 180.00 177.00 174.00 172.00 171.00 168.00 163.00 158.00 154.00 151.00 147.00 143.00 139.00 136.00 132.00 129.00 127.00 125.00 122.00 119.00 115.00 111.00 107.00 104.00 102.00 101.00 101.00 101.00 101.00 101.00 99.00 95.00 91.00 86.00 82.00 78.00 75.00 74.00 73.00 73.00 74.00 74.00 75.00 75.00 75.00 75.00 73.00 71.00 68.00 63.00 58.00 52.00 46.00 41.00 37.00 32.00 28.00 23.00 18.00 13.00 9.00 6.00 4.00 3.00 2.00 1.00 0.00 0.00 0.00 0.00 0.00 0.00 0.00 0.00 0.00
181.00 177.00 173.00 169.00 166.00 165.00 163.00 158.00 153.00 148.00 143.00 139.00 135.00 131.00 128.00 124.00 121.00 118.00 116.00 113.00 110.00 106.00 103.00 99.00 95.00 93.00 91.00 90.00 90.00 91.00 91.00 90.00 88.00 86.00 82.00 79.00 75.00 71.00 69.00 67.00 66.00 66.00 66.00 66.00 67.00 67.00 67.00 66.00 65.00 61.00 57.00 51.00 45.00 38.00 32.00 26.00 22.00 19.00 15.00 12.00 9.00 6.00 4.00 2.00 1.00 0.00 0.00 0.00 0.00 0.00 0.00 0.00 0.00 0.00 0.00 0.00 0.00
175.00 170.00 166.00 161.00 159.00 157.00 154.00 149.00 144.00 139.00 134.00 129.00 125.00 121.00 117.00 114.00 110.00 107.00 104.00 101.00 97.00 93.00 89.00 85.00 83.00 81.00 79.00 79.00 79.00 79.00 80.00 80.00 79.00 77.00 75.00 73.00 70.00 67.00 66.00 65.00 64.00 63.00 63.00 62.00 61.00 61.00 60.00 59.00 57.00 53.00 48.00 41.00 34.00 28.00 22.00 17.00 13.00 10.00 8.00 6.00 4.00 3.00 1.00 0.00 0.00 0.00 0.00 0.00 0.00 0.00 0.00 0.00 0.00 0.00 0.00 0.00 0.00
168.00 162.00 157.00 152.00 149.00 148.00 144.00 139.00 134.00 130.00 125.00 121.00 117.00 113.00 109.00 105.00 101.00 97.00 93.00 89.00 84.00 79.00 76.00 73.00 71.00 69.00 69.00 69.00 69.00 69.00 70.00 72.00 73.00 73.00 71.00 67.00 64.00 62.00 63.00 64.00 66.00 67.00 66.00 64.00 59.00 57.00 55.00 54.00 52.00 47.00 42.00 35.00 28.00 21.00 16.00 12.00 9.00 7.00 5.00 3.00 2.00 1.00 1.00 0.00 0.00 0.00 0.00 0.00 0.00 0.00 0.00 0.00 0.00 0.00 1.00 1.00 0.00
158.00 151.00 145.00 140.00 137.00 135.00 133.00 129.00 126.00 122.00 118.00 114.00 110.00 106.00 102.00 98.00 94.00 89.00 84.00 79.00 74.00 69.00 65.00 63.00 61.00 61.00 61.00 61.00 61.00 61.00 63.00 67.00 70.00 71.00 68.00 62.00 56.00 54.00 56.00 60.00 66.00 74.00 75.00 71.00 63.00 55.00 51.00 49.00 47.00 43.00 38.00 31.00 25.00 19.00 15.00 11.00 9.00 7.00 6.00 5.00 3.00 2.00 1.00 1.00 0.00 0.00 0.00 0.00 0.00 0.00 0.00 1.00 1.00 2.00 2.00 2.00 2.00
145.00 139.00 132.00 127.00 124.00 123.00 123.00 121.00 119.00 116.00 112.00 109.00 105.00 102.00 98.00 94.00 89.00 84.00 79.00 74.00 68.00 64.00 60.00 58.00 57.00 56.00 57.00 56.00 55.00 55.00 58.00 63.00 66.00 66.00 63.00 59.00 53.00 49.00 50.00 55.00 65.00 79.00 84.00 78.00 68.00 55.00 47.00 44.00 41.00 40.00 36.00 30.00 25.00 20.00 16.00 14.00 13.00 11.00 10.00 8.00 6.00 4.00 3.00 2.00 1.00 1.00 1.00 0.00 1.00 2.00 2.00 3.00 3.00 4.00 4.00 4.00 4.00
133.00 127.00 121.00 117.00 115.00 114.00 115.00 116.00 114.00 111.00 108.00 105.00 102.00 100.00 97.00 93.00 89.00 85.00 80.00 74.00 69.00 64.00 61.00 59.00 57.00 57.00 58.00 58.00 57.00 56.00 57.00 62.00 65.00 64.00 61.00 59.00 56.00 53.00 52.00 54.00 63.00 75.00 80.00 78.00 70.00 58.00 48.00 43.00 40.00 39.00 36.00 32.00 27.00 24.00 22.00 20.00 19.00 18.00 16.00 14.00 11.00 7.00 5.00 3.00 2.00 2.00 2.00 1.00 2.00 5.00 6.00 7.00 7.00 7.00 8.00 7.00 6.00
123.00 118.00 115.00 112.00 111.00 110.00 111.00 113.00 112.00 109.00 106.00 104.00 101.00 99.00 97.00 95.00 92.00 89.00 85.00 80.00 76.00 72.00 69.00 66.00 65.00 64.00 65.00 66.00 67.00 65.00 64.00 66.00 69.00 67.00 65.00 64.00 62.00 59.00 58.00 58.00 62.00 67.00 71.00 73.00 70.00 61.00 53.00 48.00 44.00 43.00 41.00 38.00 34.00 32.00 31.00 30.00 29.00 27.00 25.00 21.00 16.00 12.00 8.00 4.00 3.00 2.00 1.00 1.00 3.00 6.00 10.00 11.00 12.00 12.00 11.00 10.00 8.00
118.00 116.00 115.00 114.00 113.00 113.00 114.00 114.00 112.00 109.00 105.00 103.00 101.00 100.00 100.00 99.00 98.00 96.00 93.00 90.00 87.00 84.00 82.00 79.00 77.00 76.00 76.00 78.00 80.00 79.00 77.00 78.00 79.00 75.00 72.00 71.00 69.00 68.00 67.00 67.00 67.00 68.00 71.00 76.00 73.00 65.00 59.00 55.00 52.00 50.00 49.00 47.00 45.00 44.00 44.00 44.00 42.00 39.00 35.00 30.00 24.00 17.00 11.00 7.00 4.00 2.00 1.00 1.00 3.00 6.00 11.00 15.00 16.00 15.00 14.00 12.00 9.00
119.00 120.00 121.00 121.00 122.00 122.00 121.00 119.00 115.00 110.00 107.00 104.00 103.00 103.00 103.00 104.00 105.00 105.00 105.00 104.00 102.00 100.00 98.00 96.00 94.00 92.00 92.00 93.00 94.00 93.00 91.00 93.00 94.00 89.00 84.00 81.00 80.00 80.00 79.00 79.00 79.00 79.00 82.00 86.00 80.00 73.00 68.00 64.00 62.00 62.00 63.00 62.00 62.00 61.00 61.00 60.00 58.00 54.00 48.00 40.00 32.00 23.00 15.00 9.00 5.00 2.00 1.00 2.00 4.00 8.00 12.00 16.00 17.00 16.00 14.00 11.00 8.00
126.00 129.00 131.00 133.00 134.00 134.00 131.00 126.00 121.00 115.00 111.00 109.00 108.00 108.00 110.00 112.00 115.00 118.00 119.00 120.00 120.00 119.00 117.00 115.00 113.00 112.00 112.00 113.00 112.00 108.00 105.00 104.00 106.00 104.00 100.00 97.00 95.00 94.00 94.00 93.00 93.00 94.00 98.00 99.00 92.00 83.00 79.00 75.00 74.00 77.00 80.00 81.00 82.00 82.00 80.00 77.00 74.00 68.00 60.00 51.00 40.00 29.00 20.00 12.00 6.00 3.00 2.00 3.00 6.00 10.00 14.00 16.00 16.00 14.00 12.00 9.00 6.00
138.00 142.00 145.00 147.00 147.00 145.00 141.00 135.00 130.00 124.00 120.00 117.00 116.00 117.00 120.00 124.00 129.00 133.00 136.00 139.00 140.00 140.00 138.00 137.00 136.00 135.00 136.00 135.00 131.00 125.00 120.00 114.00 113.00 115.00 115.00 114.00 112.00 111.00 110.00 109.00 108.00 110.00 113.00 112.00 105.00 96.00 91.00 88.00 88.00 91.00 95.00 98.00 100.00 99.00 96.00 93.00 89.00 81.00 71.00 60.00 48.00 35.00 25.00 16.00 9.00 5.00 4.00 5.00 7.00 11.00 14.00 15.00 14.00 12.00 9.00 7.00 4.00
153.00 156.00 159.00 160.00 159.00 156.00 152.00 147.00 141.00 136.00 131.00 129.00 129.00 131.00 134.00 140.00 145.00 151.00 155.00 159.00 160.00 161.00 160.00 160.00 159.00 159.00 158.00 154.00 148.00 142.00 135.00 128.00 125.00 127.00 129.00 128.00 127.00 126.00 125.00 124.00 123.00 123.00 124.00 122.00 116.00 108.00 102.00 100.00 100.00 102.00 107.00 110.00 112.00 111.00 109.00 106.00 100.00 91.00 80.00 67.00 54.00 41.00 30.00 21.00 14.00 10.00 8.00 8.00 10.00 12.00 12.00 12.00 11.00 9.00 6.00 4.00 2.00
170.00 171.00 172.00 172.00 171.00 168.00 164.00 159.00 154.00 149.00 146.00 144.00 146.00 149.00 154.00 160.00 166.00 172.00 177.00 180.00 181.00 182.00 182.00 181.00 179.00 177.00 173.00 168.00 162.00 156.00 149.00 144.00 142.00 143.00 142.00 141.00 139.00 138.00 137.00 135.00 133.00 132.00 132.00 130.00 125.00 119.00 113.00 111.00 112.00 113.00 116.00 119.00 120.00 120.00 118.00 114.00 107.00 98.00 86.00 73.00 60.00 47.00 36.00 27.00 20.00 16.00 14.00 13.00 13.00 13.00 11.00 9.00 7.00 5.00 3.00 2.00 1.00
188.00 187.00 187.00 186.00 185.00 182.00 178.00 173.00 169.00 165.00 162.00 162.00 166.00 172.00 178.00 185.00 191.00 196.00 200.00 202.00 201.00 200.00 199.00 197.00 194.00 190.00 185.00 179.00 173.00 167.00 162.00 159.00 159.00 158.00 156.00 153.00 150.00 149.00 148.00 147.00 144.00 143.00 143.00 140.00 135.00 129.00 123.00 122.00 123.00 125.00 126.00 127.00 128.00 127.00 125.00 120.00 112.00 102.00 90.00 77.00 64.00 52.00 42.00 34.00 28.00 24.00 21.00 19.00 17.00 13.00 9.00 7.00 5.00 2.00 1.00 0.00 0.00
207.00 206.00 205.00 204.00 201.00 198.00 194.00 189.00 185.00 183.00 182.00 184.00 189.00 195.00 202.00 209.00 214.00 219.00 221.00 222.00 219.00 215.00 212.00 210.00 205.00 199.00 193.00 188.00 182.00 178.00 174.00 173.00 174.00 174.00 171.00 166.00 162.00 161.00 163.00 163.00 161.00 159.00 158.00 154.00 147.00 138.00 132.00 132.00 134.00 135.00 136.00 136.00 135.00 132.00 129.00 123.00 115.00 105.00 93.00 80.00 68.00 57.00 48.00 41.00 36.00 32.00 28.00 24.00 19.00 13.00 8.00 5.00 3.00 1.00 0.00 0.00 0.00
227.00 226.00 226.00 224.00 221.00 217.00 213.00 209.00 206.00 205.00 206.00 208.00 212.00 218.00 224.00 230.00 235.00 239.00 240.00 240.00 236.00 229.00 224.00 220.00 214.00 206.00 201.00 195.00 191.00 189.00 188.00 187.00 187.00 187.00 184.00 178.00 175.00 174.00 174.00 175.00 173.00 171.00 169.00 163.00 155.00 147.00 141.00 140.00 142.00 143.00 142.00 141.00 138.00 135.00 130.00 124.00 116.00 105.00 93.00 81.00 70.00 60.00 52.00 47.00 42.00 37.00 33.00 27.00 19.00 12.00 7.00 3.00 1.00 0.00 0.00 0.00 0.00
249.00 250.00 250.00 248.00 244.00 240.00 235.00 231.00 229.00 228.00 229.00 230.00 233.00 239.00 245.00 250.00 255.00 257.00 258.00 257.00 253.00 245.00 237.00 231.00 224.00 216.00 209.00 203.00 199.00 199.00 197.00 194.00 191.00 188.00 185.00 181.00 177.00 176.00 176.00 176.00 174.00 172.00 170.00 165.00 159.00 152.00 145.00 144.00 145.00 145.00 144.00 141.00 137.00 133.00 127.00 121.00 113.00 103.00 91.00 80.00 70.00 61.00 55.00 50.00 46.00 40.00 34.00 27.00 18.00 10.00 5.00 2.00 0.00 0.00 0.00 0.00 0.00
271.00 273.00 274.00 271.00 268.00 263.00 257.00 253.00 251.00 250.00 250.00 251.00 253.00 258.00 263.00 268.00 272.00 274.00 273.00 270.00 266.00 260.00 250.00 240.00 233.00 225.00 218.00 210.00 204.00 201.00 197.00 191.00 185.00 180.00 175.00 170.00 167.00 167.00 168.00 168.00 167.00 164.00 162.00 158.00 153.00 147.00 142.00 141.00 141.00 140.00 138.00 134.00 130.00 125.00 120.00 114.00 106.00 97.00 87.00 78.00 69.00 62.00 56.00 51.00 46.00 40.00 33.00 24.00 15.00 8.00 4.00 1.00 0.00 0.00 0.00 0.00 0.00
284.00 287.00 287.00 286.00 283.00 279.00 274.00 270.00 268.00 269.00 269.00 269.00 271.00 275.00 280.00 284.00 286.00 287.00 285.00 281.00 276.00 270.00 261.00 249.00 239.00 231.00 222.00 213.00 205.00 198.00 192.00 185.00 178.00 172.00 166.00 162.00 158.00 157.00 158.00 158.00 157.00 153.00 149.00 144.00 137.00 132.00 129.00 129.00 128.00 127.00 124.00 121.00 117.00 113.00 109.00 104.00 98.00 90.00 83.00 75.00 68.00 61.00 55.00 50.00 44.00 37.00 30.00 21.00 12.00 6.00 2.00 0.00 0.00 0.00 0.00 0.00 0.00
286.00 290.00 291.00 290.00 289.00 287.00 285.00 282.00 282.00 285.00 286.00 287.00 289.00 292.00 294.00 297.00 298.00 297.00 293.00 288.00 282.00 275.00 266.00 254.00 244.00 234.00 223.00 214.00 206.00 197.00 190.00 183.00 176.00 170.00 165.00 161.00 157.00 154.00 152.00 152.00 149.00 144.00 138.00 131.00 122.00 116.00 113.00 111.00 110.00 109.00 107.00 105.00 103.00 100.00 97.00 94.00 90.00 84.00 78.00 72.00 65.00 58.00 52.00 45.00 39.00 32.00 24.00 15.00 9.00 4.00 1.00 0.00 0.00 0.00 0.00 0.00 0.00
281.00 286.00 288.00 289.00 290.00 290.00 290.00 290.00 294.00 299.00 303.00 305.00 307.00 308.00 308.00 308.00 306.00 304.00 299.00 292.00 285.00 277.00 266.00 254.00 244.00 234.00 225.00 217.00 209.00 201.00 194.00 188.00 182.00 175.00 169.00 164.00 160.00 156.00 152.00 149.00 145.00 139.00 131.00 121.00 110.00 102.00 97.00 95.00 94.00 93.00 93.00 92.00 91.00 90.00 89.00 87.00 84.00 80.00 75.00 68.00 61.00 53.00 45.00 38.00 32.00 24.00 16.00 10.00 5.00 2.00 1.00 0.00 0.00 0.00 0.00 0.00 0.00
269.00 276.00 281.00 284.00 287.00 290.00 292.00 296.00 303.00 311.00 317.00 321.00 322.00 322.00 320.00 317.00 313.00 308.00 301.00 294.00 286.00 277.00 266.00 254.00 244.00 235.00 227.00 220.00 214.00 208.00 202.00 197.00 191.00 185.00 179.00 174.00 169.00 163.00 157.00 151.00 144.00 136.00 125.00 113.00 101.00 93.00 88.00 85.00 84.00 84.00 84.00 85.00 85.00 85.00 85.00 84.00 82.00 78.00 72.00 64.00 55.00 46.00 37.00 29.00 22.00 15.00 9.00 5.00 3.00 1.00 0.00 0.00 0.00 0.00 0.00 0.00 0.00
256.00 263.00 269.00 275.00 280.00 286.00 291.00 299.00 309.00 319.00 327.00 332.00 333.00 332.00 328.00 323.00 317.00 310.00 303.00 294.00 285.00 276.00 266.00 255.00 247.00 240.00 233.00 226.00 221.00 216.00 211.00 206.00 201.00 196.00 190.00 185.00 180.00 173.00 165.00 156.00 146.00 135.00 123.00 110.00 100.00 92.00 86.00 83.00 82.00 82.00 83.00 84.00 85.00 85.00 84.00 82.00 79.00 74.00 66.00 56.00 46.00 36.00 26.00 18.00 11.00 7.00 4.00 2.00 1.00 0.00 0.00 0.00 0.00 0.00 0.00 0.00 0.00
244.00 251.00 257.00 263.00 270.00 279.00 289.00 299.00 311.00 322.00 331.00 336.00 338.00 337.00 333.00 327.00 319.00 311.00 303.00 294.00 285.00 277.00 268.00 259.00 252.00 247.00 241.00 235.00 230.00 224.00 219.00 214.00 210.00 205.00 199.00 194.00 188.00 180.00 172.00 161.00 150.00 138.00 126.00 114.00 104.00 97.00 92.00 89.00 87.00 87.00 87.00 87.00 86.00 85.00 82.00 78.00 72.00 64.00 55.00 45.00 34.00 23.00 15.00 8.00 4.00 2.00 1.00 1.00 0.00 0.00 0.00 0.00 0.00 0.00 0.00 0.00 0.00
237.00 243.00 248.00 254.00 262.00 273.00 285.00 296.00 308.00 320.00 329.00 335.00 337.00 336.00 333.00 327.00 320.00 312.00 303.00 295.00 287.00 280.00 272.00 265.00 259.00 255.00 250.00 245.00 239.00 234.00 229.00 223.00 218.00 212.00 206.00 199.00 192.00 185.00 176.00 166.00 154.00 143.00 132.00 121.00 112.00 106.00 101.00 98.00 95.00 93.00 92.00 89.00 85.00 80.00 74.00 67.00 59.00 50.00 41.00 31.00 21.00 13.00 7.00 3.00 1.00 0.00 0.00 0.00 0.00 0.00 0.00 0.00 0.00 0.00 0.00 0.00 0.00
