elev.asc
ncols 716
nrows 413
xllcorner 24.4255
yllcorner 37.9569
cellsize 30
NODATA_value -9999
[rows 68 to 101 of 413, columns 154 to 230 of 716]
977.00 996.00 1014.00 1021.00 1012.00 1034.00 1055.00 1060.00 1065.00 1070.00 1066.00 1062.00 1058.00 1043.00 1032.00 1024.00 1021.00 1019.00 1016.00 1013.00 1009.00 1005.00 1002.00 1002.00 1004.00 1005.00 1004.00 997.00 984.00 967.00 953.00 943.00 939.00 942.00 946.00 944.00 941.00 939.00 937.00 937.00 938.00 938.00 937.00 936.00 935.00 933.00 931.00 927.00 924.00 920.00 915.00 912.00 912.00 912.00 914.00 914.00 914.00 914.00 913.00 911.00 909.00 907.00 905.00 902.00 898.00 895.00 891.00 888.00 884.00 881.00 878.00 874.00 871.00 868.00 865.00 862.00 857.00
969.00 988.00 1009.00 1027.00 1031.00 1027.00 1046.00 1051.00 1056.00 1061.00 1058.00 1055.00 1051.00 1044.00 1035.00 1030.00 1027.00 1023.00 1017.00 1010.00 1005.00 1002.00 1002.00 1003.00 1007.00 1013.00 1015.00 1011.00 1002.00 987.00 968.00 949.00 937.00 934.00 935.00 934.00 931.00 928.00 925.00 924.00 925.00 924.00 923.00 921.00 920.00 920.00 918.00 914.00 912.00 910.00 908.00 907.00 907.00 907.00 908.00 908.00 908.00 907.00 906.00 905.00 903.00 900.00 897.00 894.00 891.00 887.00 883.00 880.00 876.00 874.00 871.00 868.00 866.00 863.00 860.00 856.00 851.00
960.00 980.00 1002.00 1024.00 1041.00 1042.00 1036.00 1042.00 1047.00 1053.00 1051.00 1050.00 1049.00 1042.00 1038.00 1035.00 1031.00 1023.00 1013.00 1005.00 1001.00 1001.00 1003.00 1005.00 1008.00 1013.00 1016.00 1015.00 1009.00 1000.00 985.00 964.00 944.00 932.00 926.00 922.00 919.00 917.00 914.00 913.00 912.00 910.00 908.00 907.00 907.00 907.00 907.00 905.00 904.00 902.00 901.00 900.00 899.00 898.00 898.00 899.00 899.00 899.00 899.00 898.00 896.00 893.00 890.00 887.00 884.00 880.00 876.00 872.00 869.00 865.00 863.00 861.00 859.00 856.00 853.00 850.00 845.00
951.00 971.00 992.00 1016.00 1039.00 1053.00 1046.00 1045.00 1045.00 1046.00 1046.00 1046.00 1041.00 1038.00 1039.00 1037.00 1030.00 1018.00 1007.00 1000.00 997.00 998.00 1001.00 1004.00 1007.00 1008.00 1011.00 1012.00 1007.00 999.00 990.00 974.00 953.00 933.00 920.00 913.00 909.00 907.00 905.00 903.00 901.00 899.00 898.00 897.00 898.00 898.00 899.00 898.00 896.00 894.00 892.00 889.00 887.00 886.00 886.00 887.00 888.00 889.00 889.00 889.00 889.00 887.00 884.00 881.00 877.00 873.00 868.00 864.00 860.00 856.00 854.00 852.00 850.00 848.00 845.00 842.00 837.00
938.00 957.00 978.00 1000.00 1024.00 1043.00 1047.00 1043.00 1039.00 1039.00 1039.00 1036.00 1032.00 1033.00 1036.00 1033.00 1023.00 1011.00 1002.00 996.00 993.00 993.00 995.00 998.00 1000.00 1000.00 1002.00 1004.00 1000.00 993.00 986.00 976.00 955.00 931.00 914.00 906.00 901.00 897.00 895.00 893.00 892.00 891.00 891.00 891.00 891.00 892.00 891.00 889.00 887.00 883.00 880.00 877.00 875.00 874.00 874.00 875.00 876.00 877.00 879.00 881.00 881.00 881.00 879.00 876.00 872.00 867.00 861.00 855.00 850.00 846.00 843.00 841.00 839.00 837.00 834.00 831.00 827.00
922.00 938.00 956.00 976.00 999.00 1019.00 1028.00 1030.00 1028.00 1026.00 1025.00 1022.00 1021.00 1024.00 1028.00 1026.00 1015.00 1004.00 997.00 992.00 988.00 986.00 987.00 988.00 988.00 987.00 987.00 988.00 987.00 983.00 979.00 971.00 951.00 924.00 906.00 898.00 893.00 889.00 887.00 886.00 885.00 884.00 884.00 884.00 884.00 884.00 882.00 879.00 875.00 872.00 868.00 865.00 863.00 862.00 862.00 863.00 864.00 867.00 869.00 872.00 874.00 874.00 873.00 871.00 867.00 861.00 853.00 846.00 840.00 835.00 832.00 829.00 827.00 825.00 822.00 818.00 815.00
906.00 916.00 930.00 949.00 970.00 988.00 1003.00 1013.00 1016.00 1014.00 1010.00 1007.00 1009.00 1014.00 1019.00 1017.00 1007.00 998.00 992.00 987.00 982.00 978.00 976.00 974.00 972.00 970.00 967.00 965.00 964.00 964.00 966.00 962.00 943.00 917.00 899.00 890.00 885.00 882.00 880.00 879.00 878.00 878.00 877.00 876.00 875.00 873.00 871.00 867.00 863.00 860.00 857.00 854.00 852.00 852.00 852.00 853.00 854.00 857.00 860.00 864.00 866.00 868.00 867.00 865.00 861.00 854.00 846.00 838.00 831.00 825.00 821.00 818.00 816.00 813.00 809.00 805.00 801.00
889.00 896.00 906.00 922.00 940.00 959.00 977.00 991.00 1001.00 1003.00 999.00 996.00 999.00 1004.00 1008.00 1007.00 1001.00 993.00 987.00 981.00 975.00 970.00 964.00 960.00 955.00 952.00 949.00 946.00 944.00 944.00 948.00 948.00 932.00 908.00 892.00 884.00 879.00 876.00 874.00 873.00 872.00 871.00 869.00 867.00 865.00 862.00 859.00 855.00 852.00 849.00 846.00 844.00 843.00 843.00 843.00 844.00 846.00 849.00 852.00 856.00 859.00 860.00 861.00 859.00 854.00 848.00 839.00 831.00 823.00 816.00 812.00 809.00 806.00 802.00 797.00 792.00 788.00
872.00 878.00 885.00 897.00 913.00 931.00 951.00 968.00 982.00 988.00 990.00 991.00 993.00 995.00 997.00 998.00 995.00 989.00 981.00 974.00 967.00 960.00 954.00 947.00 943.00 939.00 937.00 936.00 933.00 931.00 932.00 931.00 920.00 902.00 888.00 880.00 874.00 870.00 867.00 866.00 865.00 863.00 861.00 858.00 855.00 852.00 848.00 845.00 842.00 840.00 838.00 836.00 835.00 834.00 834.00 835.00 837.00 840.00 844.00 848.00 851.00 853.00 853.00 852.00 847.00 841.00 833.00 824.00 816.00 809.00 804.00 800.00 796.00 791.00 785.00 780.00 775.00
854.00 861.00 868.00 878.00 890.00 906.00 925.00 944.00 959.00 969.00 977.00 984.00 988.00 989.00 988.00 987.00 986.00 983.00 975.00 967.00 959.00 952.00 945.00 939.00 934.00 931.00 930.00 930.00 929.00 927.00 923.00 919.00 912.00 900.00 887.00 877.00 869.00 864.00 862.00 860.00 858.00 856.00 854.00 851.00 847.00 844.00 841.00 838.00 835.00 833.00 831.00 830.00 828.00 827.00 826.00 827.00 828.00 831.00 835.00 839.00 842.00 844.00 845.00 844.00 840.00 834.00 826.00 818.00 809.00 802.00 796.00 791.00 787.00 781.00 774.00 768.00 763.00
837.00 845.00 854.00 864.00 875.00 888.00 904.00 921.00 936.00 949.00 961.00 970.00 976.00 980.00 980.00 977.00 975.00 973.00 968.00 961.00 953.00 945.00 938.00 933.00 929.00 927.00 927.00 927.00 927.00 925.00 918.00 910.00 904.00 895.00 884.00 874.00 866.00 860.00 857.00 855.00 853.00 851.00 849.00 846.00 844.00 840.00 837.00 834.00 831.00 828.00 826.00 824.00 822.00 820.00 819.00 819.00 820.00 822.00 826.00 830.00 834.00 836.00 837.00 836.00 832.00 826.00 819.00 811.00 803.00 796.00 790.00 784.00 778.00 772.00 765.00 758.00 752.00
822.00 831.00 842.00 853.00 864.00 876.00 889.00 903.00 918.00 932.00 944.00 954.00 961.00 966.00 969.00 968.00 965.00 962.00 959.00 956.00 951.00 943.00 935.00 930.00 927.00 925.00 925.00 925.00 922.00 916.00 907.00 900.00 891.00 884.00 880.00 873.00 865.00 858.00 854.00 852.00 849.00 848.00 846.00 844.00 842.00 839.00 836.00 832.00 829.00 825.00 822.00 819.00 816.00 814.00 812.00 811.00 812.00 814.00 818.00 822.00 826.00 829.00 829.00 827.00 824.00 818.00 811.00 804.00 796.00 790.00 783.00 777.00 771.00 764.00 756.00 749.00 743.00
809.00 819.00 831.00 843.00 854.00 865.00 877.00 890.00 903.00 916.00 928.00 938.00 946.00 951.00 955.00 956.00 956.00 952.00 948.00 947.00 945.00 941.00 935.00 929.00 926.00 924.00 922.00 919.00 908.00 895.00 890.00 887.00 878.00 875.00 877.00 874.00 865.00 859.00 854.00 851.00 848.00 846.00 844.00 843.00 841.00 839.00 835.00 831.00 827.00 823.00 819.00 815.00 812.00 808.00 806.00 804.00 805.00 807.00 810.00 815.00 818.00 821.00 821.00 818.00 814.00 809.00 803.00 796.00 789.00 783.00 777.00 771.00 764.00 757.00 749.00 741.00 734.00
795.00 807.00 819.00 832.00 844.00 855.00 867.00 879.00 891.00 903.00 914.00 924.00 931.00 937.00 940.00 943.00 945.00 944.00 940.00 938.00 937.00 937.00 935.00 929.00 924.00 920.00 918.00 909.00 889.00 874.00 872.00 872.00 868.00 868.00 873.00 873.00 866.00 860.00 855.00 851.00 848.00 845.00 843.00 841.00 839.00 837.00 834.00 830.00 825.00 820.00 815.00 811.00 807.00 804.00 801.00 799.00 799.00 800.00 803.00 807.00 810.00 812.00 811.00 809.00 805.00 800.00 794.00 788.00 782.00 777.00 771.00 765.00 758.00 750.00 742.00 733.00 726.00
782.00 793.00 806.00 820.00 833.00 846.00 859.00 872.00 883.00 894.00 905.00 914.00 921.00 925.00 928.00 930.00 932.00 934.00 934.00 932.00 930.00 931.00 932.00 930.00 923.00 916.00 911.00 899.00 875.00 861.00 859.00 860.00 859.00 860.00 864.00 869.00 866.00 860.00 855.00 851.00 848.00 844.00 841.00 839.00 837.00 835.00 832.00 827.00 822.00 817.00 812.00 807.00 802.00 799.00 796.00 794.00 793.00 794.00 796.00 798.00 800.00 801.00 800.00 798.00 794.00 790.00 785.00 780.00 775.00 770.00 764.00 758.00 752.00 744.00 735.00 727.00 719.00
769.00 780.00 794.00 808.00 823.00 838.00 853.00 867.00 879.00 890.00 900.00 908.00 913.00 917.00 919.00 920.00 921.00 923.00 925.00 926.00 925.00 924.00 926.00 927.00 923.00 914.00 906.00 893.00 871.00 853.00 848.00 849.00 850.00 851.00 858.00 864.00 862.00 857.00 853.00 850.00 847.00 844.00 840.00 837.00 835.00 832.00 829.00 824.00 819.00 813.00 807.00 801.00 796.00 793.00 790.00 787.00 786.00 786.00 787.00 788.00 789.00 789.00 789.00 787.00 784.00 780.00 776.00 772.00 767.00 763.00 758.00 752.00 746.00 739.00 730.00 721.00 713.00
759.00 771.00 785.00 800.00 816.00 833.00 849.00 865.00 878.00 889.00 898.00 904.00 908.00 910.00 911.00 911.00 912.00 913.00 915.00 918.00 921.00 920.00 920.00 921.00 920.00 913.00 901.00 890.00 874.00 854.00 841.00 839.00 838.00 842.00 852.00 858.00 854.00 849.00 847.00 845.00 844.00 841.00 838.00 835.00 832.00 829.00 825.00 820.00 814.00 807.00 800.00 793.00 789.00 785.00 783.00 781.00 779.00 779.00 779.00 779.00 779.00 779.00 778.00 776.00 773.00 771.00 767.00 763.00 760.00 756.00 752.00 747.00 741.00 734.00 726.00 717.00 709.00
752.00 765.00 780.00 796.00 813.00 831.00 848.00 863.00 876.00 887.00 895.00 901.00 904.00 905.00 905.00 904.00 903.00 903.00 906.00 910.00 915.00 918.00 918.00 916.00 915.00 911.00 899.00 886.00 875.00 857.00 837.00 827.00 825.00 830.00 839.00 842.00 838.00 836.00 836.00 836.00 836.00 835.00 833.00 831.00 829.00 825.00 821.00 815.00 808.00 800.00 792.00 786.00 781.00 777.00 775.00 774.00 773.00 772.00 772.00 771.00 770.00 769.00 767.00 765.00 763.00 760.00 758.00 755.00 752.00 749.00 746.00 742.00 736.00 730.00 722.00 713.00 705.00
750.00 764.00 779.00 795.00 812.00 830.00 847.00 862.00 875.00 885.00 892.00 897.00 899.00 899.00 897.00 896.00 894.00 894.00 897.00 902.00 908.00 914.00 916.00 915.00 913.00 908.00 899.00 885.00 871.00 855.00 834.00 820.00 817.00 820.00 824.00 823.00 821.00 821.00 822.00 824.00 826.00 826.00 826.00 826.00 824.00 821.00 816.00 809.00 802.00 793.00 785.00 778.00 774.00 771.00 769.00 768.00 768.00 768.00 767.00 765.00 763.00 760.00 757.00 754.00 752.00 749.00 747.00 746.00 744.00 742.00 740.00 736.00 731.00 725.00 718.00 710.00 702.00
750.00 765.00 780.00 796.00 813.00 830.00 846.00 860.00 872.00 881.00 887.00 891.00 892.00 891.00 889.00 887.00 886.00 886.00 890.00 895.00 901.00 908.00 912.00 914.00 913.00 908.00 901.00 888.00 871.00 853.00 835.00 821.00 814.00 812.00 810.00 807.00 806.00 807.00 809.00 812.00 814.00 816.00 817.00 818.00 817.00 815.00 810.00 803.00 796.00 787.00 779.00 772.00 768.00 766.00 765.00 765.00 765.00 764.00 762.00 760.00 756.00 752.00 748.00 745.00 742.00 740.00 738.00 737.00 736.00 735.00 733.00 729.00 725.00 719.00 713.00 707.00 699.00
752.00 767.00 783.00 798.00 814.00 830.00 844.00 857.00 867.00 875.00 879.00 881.00 882.00 881.00 879.00 878.00 878.00 880.00 884.00 890.00 896.00 902.00 907.00 909.00 909.00 907.00 902.00 890.00 873.00 855.00 838.00 824.00 812.00 804.00 799.00 796.00 795.00 796.00 798.00 801.00 803.00 805.00 807.00 808.00 808.00 806.00 802.00 797.00 789.00 782.00 774.00 769.00 765.00 763.00 762.00 762.00 762.00 760.00 758.00 754.00 750.00 745.00 741.00 737.00 734.00 732.00 730.00 729.00 728.00 727.00 725.00 722.00 718.00 714.00 709.00 704.00 697.00
753.00 768.00 784.00 799.00 814.00 828.00 841.00 852.00 861.00 867.00 870.00 871.00 871.00 870.00 869.00 869.00 871.00 874.00 880.00 886.00 892.00 897.00 901.00 902.00 902.00 900.00 897.00 888.00 872.00 853.00 836.00 820.00 807.00 797.00 791.00 789.00 789.00 790.00 791.00 792.00 794.00 795.00 797.00 798.00 798.00 797.00 794.00 789.00 784.00 777.00 772.00 767.00 764.00 762.00 760.00 760.00 758.00 756.00 753.00 749.00 744.00 739.00 735.00 731.00 728.00 726.00 725.00 723.00 722.00 720.00 718.00 716.00 713.00 710.00 705.00 699.00 691.00
754.00 769.00 784.00 798.00 811.00 824.00 835.00 845.00 852.00 857.00 859.00 859.00 859.00 859.00 859.00 861.00 864.00 869.00 875.00 882.00 887.00 892.00 895.00 896.00 894.00 891.00 887.00 880.00 868.00 849.00 831.00 816.00 803.00 793.00 788.00 786.00 785.00 785.00 786.00 786.00 786.00 787.00 787.00 788.00 788.00 787.00 785.00 782.00 779.00 774.00 770.00 766.00 763.00 761.00 758.00 756.00 754.00 751.00 748.00 743.00 739.00 735.00 731.00 728.00 725.00 723.00 721.00 719.00 717.00 715.00 713.00 711.00 708.00 704.00 699.00 692.00 685.00
757.00 770.00 783.00 796.00 807.00 818.00 828.00 836.00 842.00 846.00 847.00 847.00 848.00 848.00 850.00 853.00 858.00 864.00 870.00 876.00 882.00 885.00 888.00 888.00 885.00 881.00 876.00 869.00 859.00 844.00 828.00 814.00 802.00 792.00 786.00 783.00 782.00 782.00 781.00 780.00 780.00 779.00 779.00 779.00 779.00 779.00 778.00 776.00 774.00 771.00 768.00 765.00 762.00 758.00 755.00 752.00 749.00 745.00 742.00 739.00 735.00 732.00 729.00 726.00 724.00 721.00 719.00 718.00 715.00 713.00 710.00 706.00 702.00 697.00 692.00 686.00 680.00
760.00 771.00 782.00 793.00 802.00 811.00 819.00 826.00 831.00 834.00 835.00 836.00 837.00 838.00 841.00 846.00 852.00 858.00 864.00 870.00 874.00 877.00 879.00 878.00 875.00 871.00 865.00 858.00 848.00 837.00 826.00 815.00 804.00 794.00 787.00 783.00 780.00 778.00 777.00 775.00 774.00 773.00 773.00 773.00 773.00 772.00 772.00 771.00 770.00 767.00 765.00 762.00 758.00 753.00 749.00 745.00 741.00 738.00 736.00 734.00 732.00 730.00 727.00 725.00 723.00 721.00 720.00 718.00 715.00 710.00 705.00 700.00 695.00 691.00 686.00 680.00 674.00
764.00 773.00 782.00 790.00 797.00 804.00 810.00 815.00 818.00 821.00 822.00 824.00 825.00 828.00 832.00 837.00 844.00 850.00 856.00 862.00 865.00 867.00 868.00 867.00 864.00 860.00 854.00 847.00 839.00 831.00 822.00 814.00 804.00 795.00 789.00 783.00 778.00 774.00 772.00 770.00 768.00 767.00 767.00 767.00 768.00 768.00 767.00 766.00 765.00 762.00 759.00 755.00 751.00 745.00 740.00 736.00 733.00 730.00 729.00 729.00 728.00 726.00 725.00 722.00 721.00 720.00 719.00 716.00 711.00 706.00 700.00 695.00 690.00 686.00 681.00 675.00 669.00
769.00 776.00 782.00 788.00 792.00 797.00 800.00 802.00 804.00 806.00 808.00 810.00 813.00 816.00 821.00 827.00 834.00 841.00 847.00 852.00 855.00 857.00 857.00 856.00 853.00 849.00 845.00 839.00 832.00 826.00 819.00 811.00 802.00 794.00 787.00 781.00 776.00 771.00 768.00 765.00 763.00 762.00 763.00 764.00 764.00 765.00 765.00 763.00 760.00 757.00 752.00 747.00 741.00 735.00 730.00 726.00 723.00 722.00 722.00 723.00 723.00 722.00 722.00 720.00 719.00 718.00 716.00 711.00 706.00 701.00 695.00 690.00 686.00 681.00 676.00 671.00 665.00
772.00 777.00 781.00 784.00 786.00 787.00 787.00 787.00 788.00 790.00 792.00 795.00 799.00 804.00 810.00 817.00 824.00 831.00 837.00 841.00 844.00 846.00 846.00 845.00 843.00 840.00 836.00 832.00 827.00 822.00 816.00 808.00 801.00 792.00 784.00 778.00 773.00 769.00 767.00 762.00 759.00 759.00 760.00 762.00 763.00 764.00 764.00 762.00 757.00 752.00 745.00 739.00 732.00 725.00 720.00 716.00 714.00 713.00 714.00 716.00 717.00 718.00 720.00 718.00 716.00 714.00 711.00 707.00 702.00 697.00 691.00 686.00 681.00 677.00 672.00 667.00 662.00
770.00 774.00 775.00 775.00 775.00 773.00 771.00 770.00 770.00 772.00 775.00 779.00 785.00 792.00 800.00 808.00 815.00 822.00 827.00 831.00 834.00 836.00 836.00 835.00 834.00 832.00 830.00 826.00 822.00 818.00 812.00 805.00 797.00 789.00 782.00 775.00 770.00 767.00 766.00 763.00 760.00 760.00 760.00 762.00 764.00 765.00 764.00 761.00 757.00 752.00 745.00 737.00 729.00 721.00 714.00 709.00 707.00 707.00 708.00 709.00 711.00 713.00 714.00 713.00 711.00 709.00 706.00 702.00 697.00 692.00 686.00 681.00 676.00 672.00 667.00 663.00 658.00
764.00 765.00 764.00 762.00 760.00 757.00 754.00 753.00 753.00 756.00 761.00 767.00 774.00 782.00 791.00 799.00 807.00 814.00 819.00 823.00 826.00 827.00 827.00 827.00 827.00 825.00 824.00 821.00 817.00 813.00 808.00 801.00 793.00 786.00 779.00 774.00 769.00 766.00 765.00 765.00 764.00 764.00 764.00 765.00 766.00 767.00 765.00 761.00 757.00 755.00 750.00 741.00 732.00 723.00 713.00 708.00 705.00 703.00 703.00 704.00 705.00 707.00 707.00 706.00 705.00 703.00 701.00 697.00 692.00 686.00 680.00 675.00 670.00 666.00 662.00 658.00 653.00
752.00 751.00 749.00 746.00 743.00 741.00 738.00 738.00 740.00 744.00 750.00 757.00 766.00 775.00 784.00 793.00 801.00 807.00 812.00 815.00 818.00 819.00 820.00 820.00 820.00 819.00 817.00 814.00 812.00 808.00 803.00 796.00 790.00 783.00 778.00 774.00 771.00 769.00 767.00 767.00 767.00 768.00 769.00 769.00 769.00 768.00 765.00 759.00 755.00 751.00 746.00 738.00 730.00 721.00 712.00 706.00 702.00 699.00 698.00 698.00 698.00 698.00 699.00 699.00 699.00 697.00 695.00 691.00 685.00 679.00 673.00 667.00 662.00 658.00 655.00 652.00 648.00
737.00 735.00 733.00 731.00 728.00 727.00 726.00 728.00 731.00 737.00 744.00 752.00 761.00 770.00 779.00 787.00 795.00 800.00 805.00 808.00 810.00 812.00 813.00 813.00 813.00 812.00 810.00 808.00 805.00 802.00 798.00 793.00 787.00 782.00 778.00 775.00 773.00 772.00 771.00 770.00 769.00 770.00 769.00 768.00 766.00 763.00 759.00 753.00 746.00 741.00 735.00 728.00 722.00 716.00 709.00 704.00 699.00 695.00 692.00 690.00 690.00 690.00 691.00 692.00 691.00 690.00 687.00 683.00 677.00 670.00 664.00 659.00 654.00 651.00 648.00 646.00 643.00
722.00 720.00 719.00 717.00 717.00 717.00 719.00 722.00 728.00 735.00 742.00 751.00 759.00 767.00 775.00 783.00 789.00 794.00 798.00 801.00 803.00 804.00 805.00 806.00 806.00 805.00 803.00 801.00 799.00 797.00 794.00 790.00 786.00 782.00 779.00 777.00 775.00 774.00 773.00 772.00 771.00 770.00 767.00 764.00 760.00 755.00 750.00 744.00 739.00 734.00 729.00 725.00 720.00 716.00 710.00 704.00 697.00 691.00 687.00 684.00 682.00 681.00 682.00 683.00 682.00 680.00 677.00 673.00 668.00 662.00 657.00 651.00 647.00 644.00 642.00 640.00 638.00
709.00 707.00 707.00 707.00 709.00 711.00 715.00 721.00 728.00 735.00 743.00 751.00 758.00 765.00 772.00 778.00 783.00 787.00 790.00 793.00 795.00 797.00 798.00 798.00 798.00 797.00 796.00 794.00 793.00 792.00 790.00 788.00 785.00 782.00 779.00 777.00 776.00 774.00 773.00 772.00 770.00 768.00 765.00 760.00 755.00 750.00 745.00 740.00 736.00 732.00 729.00 726.00 723.00 719.00 713.00 705.00 697.00 688.00 681.00 675.00 672.00 671.00 671.00 671.00 670.00 667.00 663.00 660.00 656.00 652.00 648.00 645.00 643.00 640.00 638.00 636.00 634.00
