elev.asc
ncols 716
nrows 413
xllcorner 24.4255
yllcorner 37.9569
cellsize 30
NODATA_value -9999
[rows 204 to 237 of 413, columns 154 to 230 of 716]
67.00 70.00 72.00 75.00 78.00 81.00 84.00 87.00 91.00 94.00 97.00 100.00 102.00 104.00 106.00 108.00 109.00 110.00 111.00 112.00 113.00 114.00 114.00 115.00 115.00 115.00 116.00 117.00 118.00 120.00 123.00 125.00 128.00 131.00 134.00 137.00 141.00 143.00 146.00 149.00 154.00 159.00 165.00 171.00 179.00 186.00 194.00 201.00 208.00 215.00 221.00 228.00 234.00 240.00 245.00 250.00 254.00 258.00 262.00 267.00 272.00 278.00 285.00 292.00 299.00 307.00 314.00 321.00 328.00 335.00 340.00 345.00 348.00 349.00 349.00 349.00 348.00
68.00 70.00 73.00 75.00 78.00 80.00 83.00 87.00 90.00 94.00 97.00 101.00 103.00 105.00 107.00 107.00 107.00 108.00 108.00 108.00 109.00 109.00 109.00 109.00 109.00 109.00 109.00 110.00 111.00 113.00 115.00 118.00 121.00 124.00 126.00 130.00 134.00 136.00 139.00 143.00 148.00 154.00 161.00 167.00 175.00 183.00 190.00 198.00 205.00 211.00 217.00 223.00 229.00 235.00 240.00 244.00 249.00 253.00 257.00 262.00 268.00 274.00 280.00 287.00 294.00 301.00 308.00 315.00 322.00 328.00 333.00 337.00 339.00 340.00 340.00 340.00 339.00
70.00 73.00 75.00 77.00 80.00 82.00 85.00 89.00 93.00 97.00 100.00 104.00 106.00 107.00 108.00 107.00 106.00 105.00 104.00 104.00 103.00 103.00 102.00 102.00 102.00 102.00 102.00 103.00 104.00 106.00 108.00 111.00 114.00 117.00 121.00 125.00 129.00 131.00 135.00 140.00 145.00 152.00 158.00 165.00 173.00 181.00 188.00 195.00 202.00 208.00 214.00 219.00 224.00 230.00 235.00 239.00 244.00 248.00 253.00 259.00 265.00 271.00 277.00 284.00 290.00 296.00 303.00 310.00 316.00 322.00 326.00 329.00 331.00 331.00 331.00 330.00 328.00
74.00 77.00 79.00 81.00 84.00 86.00 89.00 93.00 97.00 101.00 105.00 107.00 109.00 109.00 108.00 106.00 104.00 101.00 99.00 98.00 96.00 95.00 94.00 93.00 93.00 93.00 94.00 95.00 97.00 100.00 103.00 106.00 109.00 113.00 117.00 122.00 127.00 130.00 134.00 139.00 146.00 153.00 160.00 167.00 174.00 181.00 187.00 194.00 200.00 205.00 210.00 215.00 220.00 225.00 230.00 235.00 239.00 244.00 250.00 256.00 262.00 269.00 275.00 281.00 287.00 292.00 298.00 304.00 310.00 315.00 318.00 321.00 322.00 322.00 321.00 319.00 317.00
79.00 82.00 85.00 87.00 89.00 92.00 95.00 98.00 102.00 106.00 109.00 110.00 111.00 110.00 107.00 103.00 100.00 96.00 93.00 90.00 87.00 85.00 84.00 83.00 83.00 84.00 86.00 89.00 92.00 95.00 99.00 103.00 107.00 112.00 117.00 123.00 129.00 133.00 138.00 143.00 150.00 156.00 163.00 170.00 176.00 182.00 188.00 193.00 198.00 202.00 207.00 211.00 216.00 221.00 226.00 231.00 235.00 241.00 247.00 253.00 259.00 266.00 272.00 278.00 284.00 289.00 294.00 299.00 303.00 307.00 310.00 312.00 312.00 311.00 309.00 307.00 304.00
85.00 88.00 91.00 93.00 95.00 98.00 101.00 104.00 107.00 109.00 111.00 112.00 111.00 108.00 103.00 98.00 93.00 88.00 84.00 80.00 77.00 75.00 74.00 74.00 75.00 77.00 80.00 84.00 89.00 94.00 99.00 104.00 109.00 115.00 121.00 127.00 135.00 140.00 144.00 149.00 155.00 161.00 167.00 172.00 178.00 182.00 187.00 191.00 195.00 199.00 203.00 207.00 211.00 216.00 221.00 226.00 231.00 236.00 242.00 249.00 256.00 263.00 270.00 275.00 280.00 285.00 289.00 293.00 297.00 300.00 302.00 303.00 302.00 300.00 298.00 294.00 291.00
90.00 94.00 96.00 99.00 101.00 103.00 105.00 107.00 109.00 110.00 111.00 110.00 107.00 103.00 97.00 90.00 84.00 79.00 74.00 70.00 67.00 66.00 66.00 67.00 70.00 74.00 78.00 84.00 90.00 96.00 102.00 109.00 115.00 121.00 127.00 134.00 141.00 147.00 150.00 153.00 158.00 163.00 168.00 172.00 176.00 180.00 183.00 187.00 190.00 194.00 197.00 201.00 205.00 210.00 215.00 220.00 226.00 231.00 238.00 245.00 252.00 259.00 266.00 272.00 276.00 280.00 283.00 286.00 289.00 292.00 293.00 293.00 292.00 289.00 285.00 281.00 276.00
93.00 97.00 99.00 101.00 103.00 104.00 106.00 107.00 108.00 108.00 107.00 104.00 100.00 94.00 87.00 80.00 74.00 68.00 64.00 61.00 59.00 59.00 61.00 65.00 69.00 74.00 81.00 88.00 95.00 102.00 110.00 117.00 124.00 130.00 134.00 139.00 144.00 149.00 152.00 154.00 157.00 160.00 164.00 167.00 170.00 173.00 176.00 180.00 184.00 187.00 191.00 195.00 200.00 204.00 209.00 215.00 221.00 227.00 234.00 241.00 248.00 255.00 261.00 266.00 270.00 273.00 276.00 278.00 280.00 282.00 282.00 282.00 279.00 276.00 271.00 267.00 262.00
93.00 95.00 97.00 99.00 99.00 100.00 101.00 101.00 102.00 102.00 100.00 97.00 91.00 84.00 76.00 69.00 63.00 58.00 55.00 54.00 54.00 56.00 60.00 66.00 72.00 79.00 87.00 95.00 103.00 111.00 119.00 128.00 134.00 137.00 138.00 139.00 142.00 145.00 147.00 147.00 148.00 150.00 153.00 156.00 159.00 163.00 167.00 171.00 176.00 182.00 186.00 191.00 196.00 201.00 206.00 212.00 218.00 224.00 230.00 237.00 244.00 251.00 256.00 260.00 263.00 265.00 266.00 267.00 269.00 269.00 269.00 268.00 266.00 262.00 257.00 253.00 249.00
87.00 89.00 90.00 91.00 91.00 91.00 92.00 93.00 94.00 94.00 92.00 88.00 82.00 74.00 66.00 59.00 54.00 51.00 49.00 50.00 52.00 57.00 63.00 70.00 78.00 86.00 95.00 103.00 111.00 120.00 129.00 135.00 139.00 138.00 135.00 132.00 132.00 133.00 134.00 132.00 133.00 136.00 139.00 143.00 148.00 152.00 158.00 164.00 171.00 178.00 184.00 189.00 194.00 199.00 205.00 211.00 216.00 222.00 229.00 235.00 241.00 246.00 250.00 253.00 255.00 255.00 255.00 255.00 255.00 255.00 255.00 254.00 251.00 248.00 244.00 239.00 236.00
77.00 78.00 79.00 79.00 80.00 82.00 84.00 85.00 86.00 86.00 84.00 80.00 74.00 65.00 57.00 51.00 47.00 46.00 46.00 49.00 53.00 59.00 67.00 75.00 84.00 94.00 103.00 111.00 118.00 126.00 131.00 135.00 134.00 131.00 125.00 119.00 117.00 117.00 116.00 116.00 118.00 122.00 127.00 132.00 138.00 145.00 152.00 161.00 169.00 177.00 184.00 190.00 195.00 200.00 206.00 211.00 217.00 222.00 228.00 234.00 238.00 242.00 244.00 246.00 246.00 245.00 243.00 242.00 241.00 240.00 240.00 239.00 237.00 234.00 230.00 226.00 223.00
64.00 64.00 66.00 68.00 69.00 72.00 75.00 78.00 79.00 80.00 77.00 73.00 66.00 58.00 51.00 46.00 43.00 43.00 46.00 50.00 56.00 63.00 71.00 81.00 90.00 99.00 107.00 114.00 119.00 123.00 124.00 124.00 121.00 116.00 109.00 104.00 103.00 103.00 102.00 104.00 108.00 113.00 119.00 126.00 134.00 143.00 152.00 161.00 170.00 178.00 186.00 192.00 197.00 202.00 208.00 213.00 218.00 223.00 227.00 232.00 235.00 237.00 237.00 237.00 236.00 234.00 231.00 229.00 227.00 227.00 226.00 225.00 223.00 220.00 217.00 214.00 211.00
51.00 53.00 55.00 58.00 60.00 64.00 68.00 71.00 74.00 74.00 71.00 65.00 59.00 53.00 47.00 43.00 42.00 43.00 47.00 53.00 59.00 67.00 75.00 84.00 92.00 100.00 106.00 112.00 114.00 115.00 113.00 109.00 104.00 99.00 94.00 92.00 93.00 95.00 96.00 98.00 103.00 110.00 117.00 125.00 135.00 144.00 154.00 164.00 173.00 181.00 188.00 194.00 200.00 204.00 209.00 213.00 218.00 222.00 225.00 228.00 230.00 230.00 230.00 228.00 225.00 222.00 219.00 216.00 215.00 214.00 213.00 212.00 210.00 208.00 205.00 202.00 199.00
41.00 44.00 48.00 50.00 53.00 57.00 61.00 65.00 68.00 69.00 65.00 60.00 54.00 50.00 45.00 42.00 42.00 45.00 49.00 55.00 62.00 69.00 77.00 84.00 90.00 96.00 101.00 105.00 106.00 104.00 100.00 96.00 91.00 87.00 85.00 87.00 90.00 92.00 95.00 99.00 105.00 112.00 119.00 128.00 138.00 148.00 159.00 168.00 177.00 184.00 191.00 196.00 200.00 205.00 209.00 212.00 216.00 219.00 221.00 222.00 223.00 223.00 221.00 218.00 215.00 211.00 208.00 205.00 203.00 202.00 201.00 200.00 198.00 196.00 193.00 191.00 189.00
35.00 38.00 42.00 44.00 46.00 51.00 56.00 60.00 63.00 63.00 60.00 57.00 53.00 48.00 44.00 42.00 43.00 46.00 50.00 56.00 62.00 68.00 74.00 80.00 85.00 90.00 93.00 95.00 95.00 93.00 89.00 85.00 81.00 80.00 81.00 86.00 90.00 94.00 99.00 105.00 111.00 118.00 125.00 133.00 143.00 153.00 163.00 172.00 180.00 186.00 191.00 196.00 200.00 203.00 206.00 209.00 212.00 213.00 215.00 215.00 215.00 214.00 212.00 209.00 205.00 201.00 197.00 194.00 192.00 191.00 190.00 189.00 187.00 185.00 182.00 181.00 181.00
30.00 34.00 37.00 38.00 40.00 45.00 50.00 55.00 57.00 58.00 58.00 55.00 51.00 47.00 44.00 42.00 43.00 45.00 49.00 53.00 59.00 64.00 69.00 74.00 79.00 82.00 84.00 85.00 84.00 82.00 79.00 76.00 74.00 75.00 80.00 86.00 92.00 98.00 105.00 112.00 118.00 124.00 131.00 138.00 147.00 156.00 165.00 173.00 180.00 185.00 190.00 193.00 197.00 199.00 202.00 204.00 206.00 207.00 207.00 207.00 206.00 204.00 202.00 199.00 195.00 191.00 188.00 184.00 182.00 181.00 180.00 179.00 177.00 175.00 174.00 173.00 173.00
27.00 29.00 32.00 35.00 36.00 39.00 45.00 50.00 53.00 55.00 57.00 54.00 50.00 46.00 43.00 41.00 41.00 43.00 46.00 49.00 54.00 59.00 63.00 68.00 72.00 75.00 76.00 76.00 75.00 73.00 71.00 70.00 70.00 74.00 80.00 87.00 94.00 101.00 110.00 117.00 123.00 129.00 134.00 141.00 148.00 156.00 164.00 171.00 177.00 182.00 185.00 189.00 192.00 194.00 196.00 198.00 199.00 199.00 198.00 197.00 196.00 193.00 191.00 187.00 184.00 181.00 177.00 174.00 172.00 171.00 170.00 168.00 167.00 166.00 166.00 165.00 166.00
23.00 24.00 27.00 31.00 34.00 35.00 39.00 44.00 48.00 53.00 54.00 52.00 48.00 45.00 41.00 39.00 38.00 39.00 41.00 44.00 48.00 52.00 57.00 62.00 65.00 68.00 69.00 69.00 68.00 67.00 66.00 66.00 68.00 73.00 80.00 87.00 94.00 103.00 112.00 119.00 125.00 130.00 135.00 141.00 147.00 154.00 160.00 166.00 171.00 176.00 180.00 183.00 186.00 188.00 190.00 191.00 191.00 191.00 189.00 187.00 184.00 181.00 178.00 175.00 172.00 169.00 166.00 163.00 161.00 159.00 158.00 157.00 157.00 157.00 157.00 158.00 160.00
19.00 20.00 23.00 27.00 31.00 33.00 36.00 40.00 46.00 51.00 51.00 49.00 46.00 42.00 38.00 36.00 34.00 34.00 36.00 39.00 42.00 46.00 51.00 55.00 59.00 62.00 63.00 64.00 63.00 63.00 63.00 64.00 67.00 73.00 79.00 85.00 93.00 102.00 110.00 117.00 123.00 128.00 133.00 138.00 144.00 149.00 155.00 160.00 165.00 169.00 173.00 176.00 178.00 181.00 182.00 183.00 183.00 181.00 179.00 176.00 172.00 168.00 164.00 161.00 158.00 156.00 153.00 150.00 148.00 146.00 145.00 145.00 145.00 146.00 148.00 151.00 153.00
15.00 16.00 19.00 24.00 29.00 32.00 34.00 37.00 44.00 49.00 48.00 46.00 43.00 39.00 35.00 32.00 30.00 30.00 32.00 34.00 38.00 42.00 46.00 50.00 54.00 57.00 58.00 60.00 60.00 60.00 61.00 63.00 66.00 72.00 77.00 82.00 89.00 97.00 105.00 112.00 118.00 123.00 129.00 133.00 138.00 143.00 148.00 153.00 157.00 161.00 165.00 168.00 170.00 172.00 174.00 174.00 173.00 171.00 167.00 163.00 159.00 155.00 151.00 148.00 145.00 142.00 139.00 137.00 135.00 133.00 132.00 132.00 134.00 137.00 140.00 144.00 147.00
12.00 13.00 16.00 22.00 28.00 30.00 32.00 36.00 42.00 45.00 44.00 42.00 39.00 35.00 31.00 29.00 27.00 27.00 29.00 31.00 35.00 38.00 42.00 46.00 49.00 52.00 55.00 56.00 57.00 57.00 58.00 60.00 64.00 69.00 73.00 78.00 84.00 92.00 99.00 106.00 112.00 117.00 122.00 127.00 131.00 136.00 140.00 145.00 149.00 153.00 156.00 159.00 162.00 163.00 164.00 164.00 162.00 160.00 156.00 152.00 147.00 143.00 139.00 136.00 133.00 130.00 127.00 125.00 123.00 122.00 121.00 122.00 124.00 128.00 132.00 136.00 140.00
10.00 12.00 16.00 21.00 26.00 28.00 30.00 34.00 39.00 40.00 39.00 37.00 34.00 31.00 28.00 25.00 25.00 25.00 27.00 29.00 32.00 36.00 40.00 43.00 46.00 49.00 52.00 53.00 53.00 54.00 55.00 57.00 61.00 65.00 68.00 73.00 80.00 86.00 93.00 99.00 104.00 110.00 114.00 119.00 124.00 128.00 132.00 136.00 140.00 144.00 148.00 151.00 153.00 155.00 155.00 154.00 152.00 149.00 146.00 142.00 137.00 133.00 130.00 126.00 123.00 120.00 117.00 115.00 114.00 113.00 113.00 113.00 116.00 120.00 124.00 129.00 133.00
9.00 12.00 16.00 21.00 24.00 25.00 27.00 31.00 36.00 37.00 35.00 33.00 30.00 27.00 25.00 23.00 23.00 23.00 25.00 28.00 31.00 34.00 38.00 41.00 44.00 47.00 48.00 49.00 49.00 49.00 50.00 52.00 56.00 60.00 64.00 69.00 75.00 81.00 87.00 93.00 97.00 102.00 106.00 111.00 115.00 119.00 124.00 128.00 132.00 136.00 139.00 143.00 145.00 147.00 147.00 145.00 143.00 140.00 137.00 133.00 129.00 125.00 121.00 118.00 114.00 111.00 109.00 108.00 107.00 106.00 107.00 108.00 110.00 113.00 118.00 122.00 126.00
10.00 12.00 16.00 19.00 20.00 21.00 23.00 28.00 32.00 33.00 31.00 29.00 27.00 24.00 22.00 21.00 21.00 22.00 24.00 27.00 30.00 33.00 37.00 40.00 42.00 44.00 45.00 45.00 45.00 45.00 46.00 48.00 52.00 56.00 60.00 65.00 71.00 77.00 82.00 87.00 91.00 95.00 99.00 103.00 107.00 112.00 116.00 120.00 124.00 128.00 132.00 136.00 138.00 139.00 139.00 138.00 135.00 132.00 129.00 125.00 121.00 118.00 114.00 110.00 106.00 104.00 102.00 101.00 100.00 101.00 102.00 103.00 105.00 108.00 112.00 116.00 120.00
10.00 11.00 13.00 14.00 15.00 17.00 20.00 25.00 29.00 30.00 28.00 27.00 24.00 22.00 21.00 20.00 20.00 22.00 24.00 26.00 29.00 33.00 36.00 38.00 39.00 40.00 40.00 40.00 40.00 40.00 41.00 44.00 48.00 53.00 58.00 61.00 66.00 72.00 76.00 81.00 85.00 88.00 92.00 96.00 101.00 106.00 110.00 114.00 118.00 123.00 127.00 130.00 132.00 133.00 132.00 130.00 127.00 124.00 120.00 117.00 113.00 109.00 105.00 101.00 98.00 96.00 94.00 94.00 95.00 96.00 97.00 99.00 101.00 104.00 108.00 112.00 116.00
7.00 7.00 8.00 9.00 11.00 13.00 16.00 21.00 25.00 27.00 27.00 25.00 23.00 21.00 20.00 19.00 20.00 21.00 23.00 26.00 29.00 32.00 34.00 35.00 36.00 37.00 37.00 36.00 36.00 36.00 38.00 40.00 44.00 49.00 55.00 58.00 61.00 66.00 70.00 75.00 79.00 82.00 87.00 91.00 96.00 101.00 106.00 110.00 114.00 119.00 123.00 125.00 127.00 127.00 125.00 123.00 119.00 115.00 111.00 107.00 103.00 99.00 95.00 91.00 89.00 87.00 87.00 88.00 89.00 91.00 93.00 96.00 99.00 102.00 106.00 110.00 115.00
2.00 3.00 4.00 6.00 8.00 10.00 13.00 17.00 21.00 24.00 25.00 24.00 22.00 21.00 19.00 19.00 19.00 21.00 23.00 25.00 27.00 30.00 32.00 33.00 34.00 34.00 33.00 32.00 32.00 33.00 34.00 37.00 40.00 45.00 50.00 54.00 56.00 59.00 64.00 69.00 73.00 78.00 82.00 87.00 92.00 97.00 102.00 107.00 111.00 115.00 119.00 121.00 121.00 120.00 118.00 114.00 110.00 106.00 102.00 97.00 93.00 89.00 85.00 82.00 80.00 79.00 80.00 82.00 85.00 88.00 91.00 94.00 97.00 101.00 106.00 111.00 117.00
0.00 1.00 2.00 3.00 5.00 8.00 11.00 14.00 17.00 19.00 21.00 21.00 21.00 20.00 19.00 19.00 19.00 20.00 22.00 24.00 26.00 28.00 30.00 31.00 32.00 31.00 30.00 29.00 29.00 29.00 31.00 33.00 36.00 40.00 45.00 49.00 51.00 54.00 59.00 64.00 69.00 74.00 79.00 84.00 89.00 94.00 99.00 103.00 108.00 112.00 115.00 116.00 116.00 114.00 110.00 106.00 102.00 97.00 93.00 88.00 84.00 79.00 76.00 74.00 73.00 73.00 75.00 79.00 82.00 85.00 89.00 93.00 98.00 103.00 108.00 114.00 120.00
0.00 0.00 0.00 1.00 3.00 6.00 9.00 12.00 14.00 16.00 17.00 18.00 18.00 18.00 18.00 18.00 18.00 19.00 20.00 22.00 24.00 27.00 29.00 30.00 30.00 29.00 28.00 27.00 26.00 26.00 28.00 30.00 32.00 35.00 39.00 44.00 48.00 51.00 55.00 60.00 66.00 71.00 76.00 80.00 85.00 90.00 95.00 100.00 104.00 108.00 110.00 111.00 110.00 107.00 103.00 99.00 94.00 89.00 85.00 80.00 75.00 71.00 68.00 67.00 68.00 70.00 73.00 77.00 82.00 86.00 90.00 94.00 99.00 105.00 110.00 116.00 122.00
0.00 0.00 0.00 0.00 1.00 4.00 8.00 10.00 12.00 13.00 14.00 14.00 14.00 15.00 16.00 16.00 16.00 17.00 19.00 21.00 23.00 25.00 27.00 29.00 29.00 28.00 27.00 26.00 25.00 25.00 25.00 27.00 29.00 32.00 36.00 40.00 45.00 50.00 54.00 59.00 64.00 68.00 72.00 76.00 81.00 85.00 90.00 95.00 100.00 103.00 105.00 106.00 104.00 101.00 97.00 93.00 88.00 83.00 78.00 73.00 69.00 65.00 63.00 63.00 65.00 69.00 73.00 78.00 83.00 87.00 92.00 97.00 102.00 107.00 112.00 117.00 123.00
0.00 0.00 0.00 0.00 0.00 3.00 6.00 8.00 10.00 11.00 12.00 12.00 12.00 12.00 14.00 14.00 14.00 15.00 17.00 20.00 22.00 25.00 27.00 28.00 28.00 28.00 26.00 25.00 23.00 23.00 24.00 26.00 28.00 30.00 34.00 38.00 43.00 49.00 55.00 60.00 63.00 65.00 69.00 72.00 76.00 80.00 85.00 89.00 94.00 97.00 100.00 100.00 99.00 96.00 93.00 88.00 83.00 78.00 73.00 68.00 64.00 61.00 60.00 61.00 64.00 68.00 74.00 80.00 85.00 90.00 94.00 99.00 103.00 108.00 112.00 116.00 120.00
0.00 0.00 0.00 0.00 0.00 1.00 5.00 7.00 8.00 9.00 9.00 10.00 9.00 10.00 12.00 12.00 12.00 13.00 16.00 18.00 21.00 24.00 26.00 27.00 27.00 27.00 26.00 24.00 23.00 23.00 23.00 25.00 27.00 30.00 34.00 38.00 42.00 47.00 53.00 58.00 62.00 64.00 65.00 68.00 71.00 75.00 79.00 83.00 87.00 91.00 94.00 94.00 94.00 91.00 88.00 84.00 79.00 74.00 69.00 64.00 60.00 58.00 58.00 60.00 64.00 69.00 75.00 81.00 86.00 91.00 96.00 100.00 104.00 107.00 110.00 113.00 116.00
0.00 0.00 0.00 0.00 0.00 1.00 4.00 6.00 6.00 7.00 7.00 7.00 7.00 9.00 10.00 9.00 10.00 12.00 14.00 17.00 20.00 23.00 25.00 26.00 26.00 26.00 25.00 23.00 22.00 22.00 23.00 25.00 28.00 31.00 34.00 37.00 41.00 45.00 50.00 54.00 59.00 61.00 61.00 63.00 65.00 68.00 72.00 76.00 80.00 84.00 87.00 88.00 88.00 86.00 83.00 79.00 74.00 69.00 64.00 60.00 58.00 56.00 57.00 60.00 64.00 69.00 75.00 81.00 86.00 92.00 96.00 100.00 103.00 105.00 107.00 109.00 112.00
0.00 0.00 0.00 0.00 0.00 1.00 3.00 4.00 5.00 5.00 5.00 5.00 6.00 7.00 7.00 7.00 8.00 10.00 13.00 16.00 19.00 22.00 24.00 25.00 25.00 24.00 23.00 22.00 21.00 22.00 23.00 25.00 28.00 30.00 33.00 36.00 39.00 42.00 46.00 49.00 53.00 56.00 56.00 56.00 58.00 61.00 65.00 69.00 74.00 78.00 81.00 82.00 82.00 81.00 78.00 73.00 69.00 64.00 60.00 57.00 56.00 56.00 57.00 60.00 64.00 69.00 74.00 79.00 85.00 90.00 94.00 98.00 100.00 102.00 104.00 106.00 109.00
